# Fix print output for fix saveBond
1000000 2316 1996
2000000 4811 4466
3000000 7441 7069
4000000 10160 9777
5000000 12983 12578
6000000 15828 15420
7000000 18759 18341
8000000 21624 21205
9000000 24523 24102
10000000 27449 27027
11000000 30483 30056
12000000 33526 33090
13000000 36576 36128
14000000 39670 39228
15000000 42735 42297
16000000 45768 45322
17000000 48800 48356
18000000 51857 51411
19000000 54888 54444
20000000 57912 57468
21000000 60983 60535
22000000 64169 63724
23000000 67255 66814
24000000 70335 69894
25000000 73399 72945
26000000 76432 75989
27000000 79591 79140
28000000 82599 82144
29000000 85715 85263
30000000 88745 88293
31000000 91731 91274
32000000 94752 94308
33000000 97862 97416
34000000 101020 100571
35000000 104205 103754
36000000 107394 106945
37000000 110507 110053
38000000 113586 113135
39000000 116692 116239
40000000 119736 119287
41000000 122763 122305
42000000 125749 125301
43000000 128870 128421
44000000 132025 131575
45000000 135100 134649
46000000 138197 137744
47000000 141404 140955
48000000 144348 143895
49000000 147436 146985
50000000 150530 150078
51000000 153627 153168
52000000 156822 156363
53000000 159968 159516
54000000 163087 162638
55000000 166255 165806
56000000 169349 168895
57000000 172443 171995
58000000 175573 175118
59000000 178798 178334
60000000 181965 181502
61000000 185126 184661
62000000 188351 187896
63000000 191482 191033
64000000 194657 194205
65000000 197819 197357
66000000 200999 200546
67000000 204179 203730
68000000 207310 206866
69000000 210529 210071
70000000 213735 213283
71000000 216977 216519
72000000 220095 219638
73000000 223263 222810
74000000 226394 225943
75000000 229525 229071
76000000 232710 232257
77000000 235934 235476
78000000 239168 238709
79000000 242169 241719
80000000 245307 244858
81000000 248434 247985
82000000 251511 251062
83000000 254650 254197
84000000 257725 257277
85000000 260857 260400
86000000 263946 263486
87000000 267076 266622
88000000 270124 269677
89000000 273206 272753
90000000 276280 275834
91000000 279387 278928
92000000 282571 282111
93000000 285697 285232
94000000 288813 288361
95000000 291840 291383
96000000 295011 294556
97000000 298055 297604
98000000 301143 300694
99000000 304203 303753
100000000 307331 306881
101000000 310520 310066
102000000 313695 313252
103000000 316836 316382
104000000 319929 319482
105000000 323048 322589
106000000 326220 325763
107000000 329388 328927
108000000 332586 332131
109000000 335815 335361
110000000 339020 338564
111000000 342031 341578
112000000 345238 344784
113000000 348333 347884
114000000 351459 351008
115000000 354522 354072
116000000 357580 357132
117000000 360756 360293
118000000 363873 363417
119000000 367014 366551
120000000 370085 369625
121000000 373233 372781
122000000 376344 375882
123000000 379467 379018
124000000 382611 382161
125000000 385757 385300
126000000 388934 388485
127000000 392102 391647
128000000 395298 394852
129000000 398424 397972
130000000 401519 401068
131000000 404614 404156
132000000 407738 407282
133000000 410905 410454
134000000 414014 413554
135000000 417090 416636
136000000 420303 419850
137000000 423495 423036
138000000 426649 426196
139000000 429798 429338
140000000 432895 432435
141000000 436000 435546
142000000 439094 438639
143000000 442301 441848
144000000 445402 444945
145000000 448607 448158
146000000 451783 451332
147000000 454938 454482
148000000 458095 457646
149000000 461136 460679
150000000 464195 463741
151000000 467298 466840
152000000 470396 469951
153000000 473484 473034
154000000 476636 476181
155000000 479811 479357
156000000 482902 482449
157000000 486010 485553
158000000 489204 488750
159000000 492336 491879
160000000 495393 494935
161000000 498519 498059
162000000 501619 501173
163000000 504899 504447
164000000 507993 507536
165000000 511035 510577
166000000 514140 513689
167000000 517364 516905
168000000 520464 520015
169000000 523562 523111
170000000 526672 526216
171000000 529825 529366
172000000 532957 532494
173000000 536167 535711
174000000 539291 538832
175000000 542378 541921
176000000 545396 544950
177000000 548502 548051
178000000 551623 551166
179000000 554626 554180
180000000 557771 557320
181000000 560961 560510
182000000 564108 563652
183000000 567225 566776
184000000 570315 569860
185000000 573354 572896
186000000 576452 576001
187000000 579599 579136
188000000 582769 582302
189000000 585803 585343
190000000 588889 588436
191000000 591959 591503
192000000 595081 594623
193000000 598184 597732
194000000 601288 600832
195000000 604418 603967
196000000 607612 607153
197000000 610754 610295
198000000 613956 613500
199000000 617121 616659
200000000 620288 619831
