# Fix print output for fix saveBond
1000000 2267 1956
2000000 4759 4395
3000000 7481 7094
4000000 10349 9946
5000000 13246 12838
6000000 16140 15726
7000000 19071 18649
8000000 22110 21675
9000000 25212 24777
10000000 28277 27843
11000000 31417 30972
12000000 34493 34045
13000000 37683 37241
14000000 40847 40399
15000000 44097 43646
16000000 47302 46852
17000000 50527 50079
18000000 53648 53196
19000000 56731 56280
20000000 59856 59404
21000000 62935 62493
22000000 65974 65523
23000000 69067 68613
24000000 72196 71748
25000000 75350 74897
26000000 78507 78052
27000000 81596 81141
28000000 84691 84236
29000000 87841 87389
30000000 90977 90523
31000000 94180 93722
32000000 97307 96854
33000000 100387 99936
34000000 103602 103146
35000000 106645 106188
36000000 109684 109233
37000000 112796 112344
38000000 116036 115579
39000000 119153 118705
40000000 122322 121871
41000000 125464 125000
42000000 128690 128233
43000000 131654 131204
44000000 134769 134312
45000000 137883 137424
46000000 140926 140473
47000000 144009 143552
48000000 147147 146691
49000000 150238 149780
50000000 153445 152985
51000000 156562 156108
52000000 159652 159201
53000000 162681 162225
54000000 165623 165171
55000000 168622 168166
56000000 171771 171319
57000000 174874 174429
58000000 177861 177418
59000000 180891 180436
60000000 184032 183580
61000000 187165 186713
62000000 190291 189835
63000000 193357 192898
64000000 196502 196046
65000000 199603 199148
66000000 202769 202314
67000000 205870 205415
68000000 209093 208630
69000000 212324 211865
70000000 215537 215076
71000000 218703 218237
72000000 221718 221260
73000000 224762 224313
74000000 227972 227516
75000000 231173 230719
76000000 234371 233915
77000000 237541 237083
78000000 240634 240174
79000000 243858 243407
80000000 247002 246540
81000000 250118 249662
82000000 253341 252887
83000000 256503 256053
84000000 259573 259118
85000000 262724 262265
86000000 265867 265408
87000000 268925 268461
88000000 272153 271694
89000000 275301 274846
90000000 278298 277843
91000000 281534 281072
92000000 284700 284249
93000000 287812 287362
94000000 290869 290413
95000000 293984 293531
96000000 297141 296689
97000000 300241 299783
98000000 303311 302847
99000000 306354 305896
100000000 309508 309052
101000000 312732 312271
102000000 315988 315524
103000000 319063 318601
104000000 322271 321811
105000000 325484 325022
106000000 328591 328134
107000000 331769 331307
108000000 334812 334362
109000000 338001 337546
110000000 341091 340633
111000000 344177 343722
112000000 347291 346831
113000000 350480 350023
114000000 353528 353068
115000000 356621 356159
116000000 359747 359298
117000000 362933 362479
118000000 365997 365539
119000000 369158 368705
120000000 372223 371782
121000000 375383 374934
122000000 378457 377999
123000000 381572 381121
124000000 384636 384184
125000000 387731 387282
126000000 390897 390451
127000000 393930 393479
128000000 396998 396549
129000000 400087 399627
130000000 403209 402759
131000000 406293 405840
132000000 409411 408952
133000000 412556 412103
134000000 415662 415212
135000000 418808 418355
136000000 421939 421487
137000000 425099 424647
138000000 428153 427695
139000000 431208 430761
140000000 434353 433902
141000000 437471 437023
142000000 440596 440143
143000000 443576 443120
144000000 446692 446235
145000000 449886 449431
146000000 452973 452525
147000000 456185 455732
148000000 459262 458808
149000000 462418 461963
150000000 465493 465044
151000000 468618 468171
152000000 471695 471241
153000000 474845 474393
154000000 477938 477486
155000000 480895 480441
156000000 483960 483508
157000000 487199 486753
158000000 490213 489761
159000000 493361 492905
160000000 496492 496033
161000000 499665 499206
162000000 502743 502284
163000000 505855 505400
164000000 508950 508491
165000000 512067 511620
166000000 515064 514612
167000000 518125 517673
168000000 521280 520827
169000000 524429 523975
170000000 527572 527118
171000000 530645 530190
172000000 533881 533422
173000000 536990 536542
174000000 540076 539625
175000000 543177 542722
176000000 546263 545808
177000000 549399 548949
178000000 552547 552095
179000000 555712 555254
180000000 558936 558482
181000000 562058 561596
182000000 565167 564702
183000000 568275 567820
184000000 571380 570926
185000000 574532 574076
186000000 577716 577255
187000000 580875 580425
188000000 583914 583459
189000000 586987 586534
190000000 590065 589599
191000000 593262 592808
192000000 596351 595891
193000000 599478 599032
194000000 602590 602135
195000000 605614 605157
196000000 608785 608328
197000000 611963 611503
198000000 615127 614672
199000000 618218 617774
200000000 621320 620856
