# Fix print output for fix saveBond
1000000 2368 2050
2000000 4975 4619
3000000 7738 7355
4000000 10645 10249
5000000 13552 13147
6000000 16578 16165
7000000 19500 19077
8000000 22551 22124
9000000 25522 25091
10000000 28703 28259
11000000 31758 31323
12000000 34824 34374
13000000 37954 37506
14000000 40991 40548
15000000 43934 43488
16000000 47080 46631
17000000 50211 49765
18000000 53397 52955
19000000 56555 56110
20000000 59636 59184
21000000 62748 62294
22000000 65903 65451
23000000 69008 68552
24000000 72299 71843
25000000 75372 74921
26000000 78444 77989
27000000 81580 81121
28000000 84684 84224
29000000 87778 87321
30000000 90850 90399
31000000 93957 93505
32000000 97136 96679
33000000 100326 99878
34000000 103357 102905
35000000 106514 106064
36000000 109552 109104
37000000 112642 112186
38000000 115792 115338
39000000 118998 118536
40000000 122161 121705
41000000 125240 124777
42000000 128322 127873
43000000 131459 131010
44000000 134554 134096
45000000 137684 137229
46000000 140853 140394
47000000 143970 143513
48000000 147086 146639
49000000 150181 149723
50000000 153235 152771
51000000 156356 155893
52000000 159542 159083
53000000 162816 162358
54000000 165842 165391
55000000 169050 168593
56000000 172251 171796
57000000 175463 175008
58000000 178646 178189
59000000 181829 181373
60000000 184935 184486
61000000 188087 187631
62000000 191306 190852
63000000 194387 193931
64000000 197594 197145
65000000 200670 200217
66000000 203745 203288
67000000 206847 206391
68000000 210035 209583
69000000 213074 212617
70000000 216291 215837
71000000 219488 219033
72000000 222590 222133
73000000 225759 225306
74000000 228846 228387
75000000 232005 231543
76000000 235228 234762
77000000 238430 237971
78000000 241583 241124
79000000 244754 244293
80000000 247867 247402
81000000 251010 250553
82000000 254156 253696
83000000 257338 256885
84000000 260449 259990
85000000 263424 262963
86000000 266491 266042
87000000 269583 269133
88000000 272739 272288
89000000 275894 275437
90000000 279029 278574
91000000 282123 281668
92000000 285242 284789
93000000 288398 287950
94000000 291582 291117
95000000 294729 294268
96000000 297966 297516
97000000 301135 300678
98000000 304185 303733
99000000 307433 306977
100000000 310629 310167
101000000 313809 313361
102000000 316788 316345
103000000 319787 319327
104000000 322880 322425
105000000 325994 325536
106000000 329133 328673
107000000 332276 331821
108000000 335396 334938
109000000 338570 338113
110000000 341741 341281
111000000 344909 344452
112000000 347940 347478
113000000 351180 350717
114000000 354273 353818
115000000 357370 356913
116000000 360431 359968
117000000 363504 363051
118000000 366567 366111
119000000 369681 369219
120000000 372841 372388
121000000 376023 375571
122000000 379212 378749
123000000 382272 381811
124000000 385366 384905
125000000 388523 388068
126000000 391620 391163
127000000 394841 394392
128000000 398011 397558
129000000 401042 400588
130000000 404112 403661
131000000 407288 406831
132000000 410470 410017
133000000 413615 413159
134000000 416756 416312
135000000 419822 419375
136000000 422886 422436
137000000 426002 425543
138000000 429084 428626
139000000 432195 431741
140000000 435370 434907
141000000 438505 438063
142000000 441693 441242
143000000 444803 444351
144000000 447947 447494
145000000 451079 450624
146000000 454189 453739
147000000 457353 456900
148000000 460531 460077
149000000 463675 463219
150000000 466805 466349
151000000 470010 469564
152000000 473098 472641
153000000 476188 475738
154000000 479322 478869
155000000 482394 481939
156000000 485598 485137
157000000 488730 488271
158000000 491922 491459
159000000 495127 494672
160000000 498289 497835
161000000 501472 501021
162000000 504431 503974
163000000 507577 507119
164000000 510657 510208
165000000 513777 513327
166000000 516966 516511
167000000 520027 519573
168000000 523004 522549
169000000 526090 525632
170000000 529203 528754
171000000 532436 531988
172000000 535606 535148
173000000 538740 538284
174000000 541979 541530
175000000 545101 544649
176000000 548244 547794
177000000 551384 550932
178000000 554484 554037
179000000 557637 557182
180000000 560751 560296
181000000 563823 563364
182000000 566872 566422
183000000 569969 569514
184000000 573078 572612
185000000 576204 575745
186000000 579418 578960
187000000 582538 582078
188000000 585670 585209
189000000 588838 588377
190000000 591977 591523
191000000 595173 594716
192000000 598279 597828
193000000 601384 600923
194000000 604443 603985
195000000 607540 607086
196000000 610613 610155
197000000 613782 613331
198000000 616967 616514
199000000 620123 619670
200000000 623194 622749
