# Fix print output for fix saveBond
1000000 2410 2083
2000000 4918 4566
3000000 7758 7377
4000000 10509 10115
5000000 13402 12997
6000000 16386 15970
7000000 19340 18926
8000000 22361 21946
9000000 25441 25022
10000000 28529 28110
11000000 31554 31118
12000000 34598 34158
13000000 37648 37211
14000000 40791 40351
15000000 43912 43468
16000000 47039 46593
17000000 50091 49653
18000000 53308 52862
19000000 56429 55982
20000000 59472 59027
21000000 62547 62095
22000000 65656 65210
23000000 68844 68408
24000000 71957 71504
25000000 75097 74642
26000000 78197 77741
27000000 81256 80815
28000000 84461 84003
29000000 87550 87087
30000000 90683 90231
31000000 93934 93483
32000000 97020 96562
33000000 100142 99697
34000000 103238 102796
35000000 106288 105838
36000000 109407 108950
37000000 112518 112060
38000000 115636 115179
39000000 118744 118293
40000000 121802 121349
41000000 124935 124479
42000000 128053 127601
43000000 131246 130789
44000000 134296 133838
45000000 137446 136990
46000000 140629 140175
47000000 143777 143319
48000000 146895 146437
49000000 149993 149538
50000000 153204 152743
51000000 156389 155929
52000000 159518 159068
53000000 162813 162358
54000000 165921 165472
55000000 169003 168555
56000000 172058 171602
57000000 175145 174697
58000000 178328 177876
59000000 181548 181095
60000000 184682 184222
61000000 187800 187351
62000000 190885 190421
63000000 193958 193508
64000000 197107 196652
65000000 200175 199725
66000000 203339 202889
67000000 206385 205931
68000000 209575 209127
69000000 212642 212192
70000000 215663 215212
71000000 218719 218266
72000000 221907 221449
73000000 224926 224469
74000000 228081 227619
75000000 231188 230738
76000000 234331 233874
77000000 237453 236999
78000000 240641 240191
79000000 243778 243325
80000000 246897 246440
81000000 250103 249648
82000000 253254 252791
83000000 256320 255860
84000000 259477 259021
85000000 262575 262116
86000000 265657 265200
87000000 268958 268498
88000000 272207 271752
89000000 275177 274723
90000000 278365 277916
91000000 281468 281017
92000000 284550 284096
93000000 287628 287181
94000000 290869 290417
95000000 293956 293504
96000000 297128 296680
97000000 300186 299735
98000000 303309 302853
99000000 306420 305968
100000000 309448 308995
101000000 312616 312164
102000000 315815 315363
103000000 318989 318535
104000000 322061 321613
105000000 325191 324735
106000000 328335 327887
107000000 331431 330977
108000000 334549 334099
109000000 337670 337212
110000000 340758 340310
111000000 343816 343359
112000000 346982 346522
113000000 350071 349618
114000000 353118 352669
115000000 356279 355822
116000000 359418 358963
117000000 362677 362227
118000000 365784 365329
119000000 368930 368473
120000000 372080 371629
121000000 375081 374624
122000000 378124 377672
123000000 381237 380782
124000000 384370 383920
125000000 387534 387081
126000000 390547 390094
127000000 393671 393219
128000000 396757 396304
129000000 399822 399383
130000000 402910 402466
131000000 405965 405510
132000000 409074 408620
133000000 412208 411758
134000000 415365 414909
135000000 418459 418003
136000000 421585 421142
137000000 424705 424253
138000000 427850 427405
139000000 430948 430492
140000000 433931 433481
141000000 436922 436462
142000000 440093 439640
143000000 443165 442704
144000000 446262 445807
145000000 449361 448905
146000000 452504 452054
147000000 455565 455115
148000000 458692 458239
149000000 461754 461301
150000000 464913 464452
151000000 468098 467645
152000000 471157 470707
153000000 474259 473806
154000000 477444 476987
155000000 480523 480069
156000000 483549 483097
157000000 486690 486235
158000000 489784 489333
159000000 492938 492485
160000000 495992 495536
161000000 499085 498624
162000000 502262 501800
163000000 505402 504943
164000000 508593 508135
165000000 511582 511131
166000000 514556 514100
167000000 517712 517260
168000000 520796 520343
169000000 523953 523498
170000000 526999 526540
171000000 530107 529659
172000000 533058 532603
173000000 536214 535756
174000000 539258 538811
175000000 542194 541742
176000000 545243 544794
177000000 548288 547837
178000000 551357 550910
179000000 554552 554103
180000000 557630 557178
181000000 560750 560299
182000000 563864 563411
183000000 566890 566438
184000000 570027 569580
185000000 573211 572749
186000000 576377 575923
187000000 579398 578944
188000000 582566 582108
189000000 585638 585191
190000000 588725 588276
191000000 591888 591430
192000000 594895 594439
193000000 598095 597636
194000000 601199 600747
195000000 604354 603901
196000000 607499 607041
197000000 610632 610182
198000000 613734 613270
199000000 616945 616493
200000000 620058 619600
