# Fix print output for fix saveBond
1000000 2386 2064
2000000 4916 4564
3000000 7520 7160
4000000 10339 9944
5000000 13248 12852
6000000 16184 15775
7000000 19043 18634
8000000 22043 21617
9000000 24983 24554
10000000 27888 27455
11000000 30889 30446
12000000 33876 33436
13000000 37042 36602
14000000 40144 39705
15000000 43106 42665
16000000 46168 45726
17000000 49157 48706
18000000 52251 51807
19000000 55344 54896
20000000 58519 58068
21000000 61688 61235
22000000 64628 64178
23000000 67799 67351
24000000 70921 70463
25000000 74031 73581
26000000 77110 76663
27000000 80169 79719
28000000 83305 82854
29000000 86338 85890
30000000 89404 88954
31000000 92537 92086
32000000 95787 95333
33000000 98985 98530
34000000 102031 101579
35000000 105160 104709
36000000 108396 107934
37000000 111624 111168
38000000 114780 114331
39000000 117849 117386
40000000 121063 120609
41000000 124182 123729
42000000 127283 126829
43000000 130352 129898
44000000 133452 132996
45000000 136484 136033
46000000 139774 139324
47000000 142791 142341
48000000 145892 145437
49000000 149015 148564
50000000 152091 151638
51000000 155209 154751
52000000 158407 157948
53000000 161648 161188
54000000 164782 164327
55000000 167938 167480
56000000 171087 170629
57000000 174298 173840
58000000 177422 176962
59000000 180542 180084
60000000 183678 183223
61000000 186693 186244
62000000 189857 189401
63000000 193096 192644
64000000 196303 195840
65000000 199412 198954
66000000 202576 202117
67000000 205694 205241
68000000 208824 208376
69000000 211860 211401
70000000 214940 214487
71000000 218103 217645
72000000 221217 220762
73000000 224327 223866
74000000 227445 226989
75000000 230618 230159
76000000 233800 233350
77000000 237027 236576
78000000 240083 239630
79000000 243248 242786
80000000 246380 245921
81000000 249489 249031
82000000 252545 252082
83000000 255720 255267
84000000 258872 258412
85000000 261944 261484
86000000 265038 264586
87000000 268123 267670
88000000 271286 270831
89000000 274437 273978
90000000 277575 277124
91000000 280627 280180
92000000 283727 283270
93000000 286845 286393
94000000 290074 289617
95000000 293225 292762
96000000 296263 295808
97000000 299343 298885
98000000 302538 302078
99000000 305603 305141
100000000 308788 308334
101000000 311910 311454
102000000 315117 314662
103000000 318215 317763
104000000 321267 320812
105000000 324504 324046
106000000 327654 327198
107000000 330760 330301
108000000 334018 333561
109000000 337095 336641
110000000 340314 339861
111000000 343487 343031
112000000 346602 346158
113000000 349730 349272
114000000 352902 352441
115000000 356066 355602
116000000 359160 358703
117000000 362282 361829
118000000 365388 364939
119000000 368599 368150
120000000 371724 371276
121000000 374896 374440
122000000 377965 377518
123000000 381047 380587
124000000 384184 383732
125000000 387299 386847
126000000 390316 389866
127000000 393415 392958
128000000 396561 396114
129000000 399812 399351
130000000 402998 402545
131000000 406073 405623
132000000 409138 408689
133000000 412214 411764
134000000 415310 414855
135000000 418449 417996
136000000 421578 421128
137000000 424664 424210
138000000 427765 427307
139000000 430862 430400
140000000 433991 433533
141000000 437248 436792
142000000 440310 439858
143000000 443457 443010
144000000 446571 446120
145000000 449635 449182
146000000 452684 452232
147000000 455805 455353
148000000 458977 458520
149000000 462054 461596
150000000 465222 464763
151000000 468344 467884
152000000 471358 470905
153000000 474424 473972
154000000 477633 477178
155000000 480836 480384
156000000 483984 483527
157000000 487138 486685
158000000 490236 489785
159000000 493368 492915
160000000 496447 495993
161000000 499671 499216
162000000 502821 502368
163000000 505982 505532
164000000 509101 508646
165000000 512215 511752
166000000 515392 514931
167000000 518517 518065
168000000 521678 521231
169000000 524795 524347
170000000 527904 527456
171000000 530958 530502
172000000 534068 533616
173000000 537161 536709
174000000 540376 539919
175000000 543448 542995
176000000 546486 546030
177000000 549637 549179
178000000 552648 552190
179000000 555797 555340
180000000 558835 558386
181000000 561981 561523
182000000 565071 564619
183000000 568134 567680
184000000 571363 570910
185000000 574474 574014
186000000 577614 577159
187000000 580794 580336
188000000 583828 583368
189000000 586982 586527
190000000 590161 589710
191000000 593351 592890
192000000 596524 596063
193000000 599688 599229
194000000 602762 602302
195000000 605898 605441
196000000 609078 608615
197000000 612264 611809
198000000 615381 614923
199000000 618517 618055
200000000 621606 621155
