# Time	Mean	Stdev
2.5000e-02 2.7497e+03 5.4094e+01
5.0000e-02 2.5432e+03 4.0723e+01
7.5000e-02 2.4180e+03 6.2954e+01
1.0000e-01 2.2420e+03 5.9114e+01
1.2500e-01 2.0203e+03 1.0119e+02
1.5000e-01 1.8740e+03 6.8015e+01
1.7500e-01 1.7879e+03 7.1299e+01
2.0000e-01 1.6694e+03 4.8332e+01
2.2500e-01 1.4948e+03 1.0780e+02
2.5000e-01 1.4196e+03 1.0277e+02
2.7500e-01 1.2306e+03 8.7013e+01
3.0000e-01 1.1467e+03 1.3186e+02
3.2500e-01 1.0966e+03 1.2538e+02
3.5000e-01 9.9941e+02 1.2557e+02
3.7500e-01 9.4082e+02 8.5465e+01
4.0000e-01 9.1672e+02 1.0514e+02
4.2500e-01 8.7172e+02 1.1620e+02
4.5000e-01 8.5025e+02 8.8931e+01
4.7500e-01 8.4563e+02 9.6487e+01
5.0000e-01 8.2598e+02 9.9608e+01
5.2500e-01 8.2645e+02 8.2616e+01
5.5000e-01 8.3078e+02 8.6303e+01
5.7500e-01 7.8008e+02 7.5192e+01
6.0000e-01 8.0013e+02 5.6872e+01
6.2500e-01 7.8564e+02 9.2543e+01
6.5000e-01 8.1457e+02 1.0052e+02
6.7500e-01 7.2046e+02 7.7011e+01
7.0000e-01 7.1563e+02 1.1794e+02
7.2500e-01 6.9453e+02 1.0433e+02
7.5000e-01 7.0280e+02 1.0135e+02
7.7500e-01 7.3510e+02 1.2671e+02
8.0000e-01 7.0552e+02 4.8047e+01
8.2500e-01 6.9214e+02 1.1537e+02
8.5000e-01 7.3816e+02 1.3332e+02
8.7500e-01 6.2300e+02 9.2388e+01
9.0000e-01 6.7040e+02 1.0662e+02
9.2500e-01 6.4041e+02 3.6989e+01
9.5000e-01 6.6119e+02 6.1180e+01
9.7500e-01 6.5502e+02 5.8080e+01
1.0000e+00 6.9804e+02 3.1575e+01
1.0250e+00 6.1026e+02 9.4844e+01
1.0500e+00 6.5675e+02 7.2632e+01
1.0750e+00 6.4149e+02 3.6415e+01
1.1000e+00 7.0065e+02 5.5874e+01
1.1250e+00 6.6895e+02 8.6728e+01
1.1500e+00 6.5099e+02 5.0234e+01
1.1750e+00 6.4317e+02 7.4758e+01
1.2000e+00 6.3223e+02 6.4344e+01
1.2250e+00 6.5070e+02 6.6484e+01
1.2500e+00 6.6956e+02 7.1468e+01
1.2750e+00 6.7957e+02 6.2103e+01
1.3000e+00 7.0044e+02 7.5355e+01
1.3250e+00 6.5649e+02 3.6162e+01
1.3500e+00 6.7608e+02 7.4773e+01
1.3750e+00 6.8890e+02 9.1249e+01
1.4000e+00 6.7720e+02 5.9240e+01
1.4250e+00 6.8944e+02 5.8739e+01
1.4500e+00 6.8726e+02 7.9883e+01
1.4750e+00 6.5429e+02 7.8803e+01
1.5000e+00 6.5589e+02 8.6272e+01
1.5250e+00 6.4779e+02 8.3703e+01
1.5500e+00 6.9557e+02 7.2889e+01
1.5750e+00 6.5372e+02 7.1507e+01
1.6000e+00 6.4879e+02 6.7629e+01
1.6250e+00 6.7100e+02 4.0348e+01
1.6500e+00 6.6297e+02 6.1759e+01
1.6750e+00 7.2614e+02 7.6907e+01
1.7000e+00 6.4897e+02 3.1268e+01
1.7250e+00 6.5734e+02 3.1541e+01
1.7500e+00 6.7325e+02 8.4381e+01
1.7750e+00 6.1488e+02 9.2387e+01
1.8000e+00 6.6777e+02 5.9705e+01
1.8250e+00 6.6962e+02 5.5347e+01
1.8500e+00 6.2717e+02 5.8375e+01
1.8750e+00 6.5770e+02 6.6897e+01
1.9000e+00 6.7898e+02 4.6535e+01
1.9250e+00 6.6019e+02 2.5379e+01
1.9500e+00 6.3766e+02 6.1275e+01
1.9750e+00 6.6301e+02 6.2537e+01
2.0000e+00 6.5879e+02 7.0698e+01
2.0250e+00 6.4515e+02 6.8261e+01
2.0500e+00 6.6900e+02 7.4705e+01
2.0750e+00 6.4665e+02 7.0489e+01
2.1000e+00 5.7842e+02 7.0703e+01
2.1250e+00 6.3527e+02 5.0818e+01
2.1500e+00 6.8749e+02 1.0763e+02
2.1750e+00 6.5477e+02 6.6474e+01
2.2000e+00 6.1591e+02 5.5805e+01
2.2250e+00 6.0424e+02 4.7089e+01
2.2500e+00 6.0799e+02 6.2300e+01
2.2750e+00 6.4074e+02 8.3051e+01
2.3000e+00 5.8081e+02 4.1586e+01
2.3250e+00 6.2203e+02 1.8243e+01
2.3500e+00 6.0740e+02 3.5414e+01
2.3750e+00 5.9001e+02 3.1451e+01
2.4000e+00 6.8233e+02 7.0478e+01
2.4250e+00 5.6484e+02 8.6342e+01
2.4500e+00 5.9779e+02 7.3303e+01
2.4750e+00 6.2487e+02 5.7610e+01
2.5000e+00 6.2327e+02 3.5661e+01
2.5250e+00 5.8452e+02 6.0862e+01
2.5500e+00 6.0213e+02 9.7808e+01
2.5750e+00 5.9251e+02 6.9289e+01
2.6000e+00 5.5675e+02 4.9102e+01
2.6250e+00 6.2801e+02 6.5021e+01
2.6500e+00 5.9793e+02 6.0147e+01
2.6750e+00 5.6765e+02 4.6621e+01
2.7000e+00 5.7163e+02 9.2826e+01
2.7250e+00 6.0497e+02 8.8729e+01
2.7500e+00 5.4452e+02 6.7523e+01
2.7750e+00 5.9454e+02 8.6183e+01
2.8000e+00 5.8707e+02 4.5810e+01
2.8250e+00 5.7583e+02 6.7331e+01
2.8500e+00 5.9853e+02 7.3016e+01
2.8750e+00 5.9122e+02 2.2552e+01
2.9000e+00 5.8493e+02 7.6780e+01
2.9250e+00 5.6971e+02 4.3060e+01
2.9500e+00 5.9900e+02 3.9411e+01
2.9750e+00 6.2015e+02 7.3151e+01
3.0000e+00 5.8219e+02 4.5634e+01
3.0250e+00 6.2365e+02 1.2073e+02
3.0500e+00 6.0648e+02 1.2148e+02
3.0750e+00 5.7952e+02 3.9732e+01
3.1000e+00 5.8855e+02 4.4591e+01
3.1250e+00 5.7860e+02 6.9336e+01
3.1500e+00 5.8438e+02 6.9130e+01
3.1750e+00 5.8309e+02 7.8204e+01
3.2000e+00 5.8632e+02 7.4294e+01
3.2250e+00 6.0372e+02 5.6873e+01
3.2500e+00 6.0058e+02 1.8258e+01
3.2750e+00 6.4752e+02 5.0241e+01
3.3000e+00 6.0198e+02 4.9560e+01
3.3250e+00 6.0317e+02 5.1730e+01
3.3500e+00 6.5259e+02 4.5578e+01
3.3750e+00 6.1630e+02 4.6944e+01
3.4000e+00 6.3934e+02 8.9930e+01
3.4250e+00 6.0168e+02 4.3948e+01
3.4500e+00 5.9408e+02 3.6433e+01
3.4750e+00 6.4850e+02 4.5535e+01
3.5000e+00 6.1246e+02 8.2541e+01
3.5250e+00 6.1768e+02 6.1322e+01
3.5500e+00 6.1830e+02 5.7477e+01
3.5750e+00 6.0954e+02 1.0154e+02
3.6000e+00 5.9661e+02 3.6214e+01
3.6250e+00 5.6760e+02 4.4005e+01
3.6500e+00 6.5229e+02 9.4168e+01
3.6750e+00 6.0889e+02 4.4935e+01
3.7000e+00 5.5247e+02 7.8339e+01
3.7250e+00 6.0128e+02 7.8658e+01
3.7500e+00 5.8878e+02 1.7141e+01
3.7750e+00 6.1486e+02 3.2953e+01
3.8000e+00 6.5975e+02 1.8742e+01
3.8250e+00 6.1983e+02 2.0122e+01
3.8500e+00 6.4390e+02 5.5453e+01
3.8750e+00 5.8845e+02 3.5547e+01
3.9000e+00 6.1672e+02 3.3363e+01
3.9250e+00 5.9588e+02 5.5778e+01
3.9500e+00 6.5720e+02 6.9484e+01
3.9750e+00 6.3715e+02 6.4450e+01
4.0000e+00 6.1115e+02 4.9638e+01
4.0250e+00 5.7890e+02 4.7577e+00
4.0500e+00 5.6885e+02 4.3898e+01
4.0750e+00 6.0372e+02 4.5257e+01
4.1000e+00 5.9114e+02 6.6485e+01
4.1250e+00 6.0523e+02 6.8999e+01
4.1500e+00 6.4132e+02 6.8913e+01
4.1750e+00 6.3821e+02 5.5369e+01
4.2000e+00 6.0380e+02 3.0345e+01
4.2250e+00 6.4411e+02 6.1304e+01
4.2500e+00 6.1437e+02 7.4228e+01
4.2750e+00 6.4919e+02 1.0925e+02
4.3000e+00 6.3384e+02 5.7293e+01
4.3250e+00 6.4937e+02 7.3717e+01
4.3500e+00 7.0549e+02 9.1938e+01
4.3750e+00 6.6803e+02 7.1183e+01
4.4000e+00 6.8824e+02 9.6628e+01
4.4250e+00 6.9528e+02 9.2396e+01
4.4500e+00 6.4906e+02 6.2536e+01
4.4750e+00 5.9784e+02 1.0317e+02
4.5000e+00 6.2496e+02 2.6331e+01
4.5250e+00 6.4183e+02 8.2890e+01
4.5500e+00 5.8761e+02 8.2288e+01
4.5750e+00 6.0103e+02 5.0035e+01
4.6000e+00 5.7836e+02 9.1987e+01
4.6250e+00 5.3216e+02 8.1466e+01
4.6500e+00 5.8783e+02 3.6750e+01
4.6750e+00 5.6311e+02 5.8062e+01
4.7000e+00 5.7180e+02 6.5657e+01
4.7250e+00 5.4871e+02 9.8260e+01
4.7500e+00 7.2201e+02 6.8505e+01
4.7750e+00 6.6584e+02 7.8932e+01
4.8000e+00 6.1755e+02 7.1517e+01
4.8250e+00 6.2872e+02 6.1819e+01
4.8500e+00 6.0770e+02 9.0631e+01
4.8750e+00 6.3985e+02 5.7125e+01
4.9000e+00 6.4081e+02 5.1014e+01
4.9250e+00 6.2407e+02 9.0626e+01
4.9500e+00 6.2296e+02 5.3172e+01
4.9750e+00 6.2583e+02 3.1328e+01
5.0000e+00 6.8935e+02 7.3465e+01
