# Steps Temp KinEng PotEng Epair Ebond Eangle Bonds
1000000 311.82397962464727925 4646.5107734284229082 2764.8862272822607338 -1612.7736782593044609 1494.2975122706002367 2883.3623932709651854 5118
2000000 312.44484485723904754 4655.7623293721235314 2490.5435709187800057 -1890.0951807712895061 1527.9198942925263509 2852.7188573975427062 5156
3000000 301.29970639111644459 4489.6878471705731499 2323.949800075703024 -2204.4726007056692652 1587.5860096981978131 2940.8363910831744761 5183
4000000 307.88928381451330551 4587.8795979365359017 2199.5248929090903403 -2338.8840899163424183 1523.6183277166073822 3014.7906551088244669 5196
5000000 304.41977078359605002 4536.1801433400269161 1940.5324200246043347 -2513.8765765749062666 1533.1377024021421676 2921.2712941973686611 5205
6000000 309.35299367973976814 4609.6904402782156467 1817.6322760875066251 -2697.4826473560224258 1569.2981910282355784 2945.8167324152936999 5213
7000000 306.96231634812329503 4574.066791351284337 1730.5377564613943377 -2901.5396127635949597 1542.9457705243403325 3089.1315987006491923 5223
8000000 308.52122195129743432 4597.2961519945092732 1671.182844552988854 -2953.9992155373083733 1634.1867229708000195 2990.9953371194978899 5227
9000000 311.78790035779462642 4645.9731537677089364 1378.6710744552847245 -3120.6861427218464087 1543.2254417746999025 2956.1317754024312308 5231
10000000 308.85876125259994751 4602.3258485619298881 1373.6993731281804685 -3164.2366407005238216 1558.5532178897151425 2979.3827959389891475 5244
11000000 310.41952571499859914 4625.5829081955389483 1191.1412533997190621 -3324.8468689000173981 1559.3032718873657814 2956.6848504123699968 5235
12000000 314.5583587930599947 4687.2559472920938788 928.78058586328165802 -3558.0917430478316419 1515.842170392746084 2971.0301585183669886 5250
13000000 308.89757684283449635 4602.9042423673681697 883.43412866457185828 -3588.0573705044321287 1533.9276535144285845 2937.5638456545752888 5248
14000000 312.44221636562031108 4655.7231620359907538 884.6399225057195963 -3617.1753928043017368 1503.7651063610665005 2998.0502089489550599 5243
15000000 305.70036357526248594 4555.2623454529475566 835.70208868865188379 -3656.8188520011899527 1587.5363832301243292 2904.9845574597175073 5246
16000000 308.85362032796274434 4602.2492432869257755 752.89270189231081076 -3726.7677797481192101 1512.3424428626044573 2967.3180387778256772 5249
17000000 313.71225283238965176 4674.6480636185888216 786.57437191458598136 -3701.0532831348764375 1567.4852529297295405 2920.142402119732651 5246
18000000 311.23896143404482473 4637.7933767466220161 874.74967416303775281 -3633.7804951652046839 1572.8657338291548058 2935.6644354990876309 5242
19000000 316.69495778628464677 4719.0935572554617465 835.15393728690355601 -3648.5653534663151731 1536.7945706791665543 2946.9247200740524022 5245
20000000 310.671336498003825 4629.3351581588276531 875.7954704240250976 -3596.0665734275548857 1569.9388124350816724 2901.9232314164983109 5252
21000000 314.64051562957456554 4688.4801720179639233 740.12366398257699984 -3698.441899844940508 1530.1232520146636489 2908.442311812853859 5254
22000000 311.29089213645698919 4638.5671997493309391 782.0798943805214094 -3681.5313427333758227 1537.7683224998679634 2925.8429146140297235 5252
23000000 308.13396514072178434 4591.5256113690275015 853.3512169093638704 -3625.4390534002614004 1565.8500439702120275 2912.9402263394131296 5256
24000000 308.39918014236462795 4595.4775985250244048 872.30299778540813804 -3621.6101552597710906 1561.9622325535469827 2931.9509204916321323 5256
25000000 313.30892445679290859 4668.6380394867201176 812.70046537300811451 -3668.092108036319587 1558.9033515348291985 2921.8892218744986167 5251
26000000 305.20770376188579576 4547.9211873635485972 928.94245305536026081 -3599.5875694210817528 1596.1348782481243234 2932.3951442283173492 5255
27000000 317.82649067390605069 4735.9546073874953436 753.05890421939773205 -3717.3658328222891214 1573.3561952358522831 2897.0685418058342293 5259
28000000 305.76424263303863427 4556.2142117286284702 856.68417130036868912 -3636.8917602370243003 1560.8284076097465913 2932.7475239276463981 5260
29000000 307.97735604228847706 4589.1919683183450616 635.91479056989135188 -3755.6976449293242695 1526.5565880486892638 2865.0558474505264712 5257
30000000 309.16728627823903253 4606.9232013929404275 795.76949183596275361 -3616.0649555305944887 1523.9413342516127159 2887.8931131149452085 5251
31000000 315.63923279041915748 4703.3621257825789144 668.00213449765112728 -3755.2483246156116365 1512.5210963198940135 2910.7293627933686366 5252
32000000 315.01822059326320868 4694.1083799097023075 777.37046890389410692 -3652.50585491566153 1536.0682342090890415 2893.8080896104665953 5257
33000000 308.50259018611541251 4597.0185187677434442 716.25713491141891609 -3728.7295838155514502 1526.0341394470340219 2918.9525792799363444 5248
34000000 312.26191857587889444 4653.0365321511844741 913.88757917074553916 -3597.9249263333267663 1539.4281835806709751 2972.3843219234013304 5252
35000000 308.04577032468091602 4590.2114142909595103 647.29174316899809583 -3839.5197444077698492 1567.5528475788057676 2919.2586399979618363 5250
36000000 306.18652650488030531 4562.5066930263128597 592.34629045989686347 -3808.0859077260661252 1528.4411350104364828 2871.9910631755265058 5248
37000000 310.4126995924313519 4625.4811916691587612 627.33696733251872502 -3787.4378077397645939 1535.6636364801638592 2879.1111385921194596 5256
38000000 306.09573193924177303 4561.153756898962456 759.25196131931659238 -3709.5002536559086366 1578.9917926785387863 2889.7604222966865564 5254
39000000 314.61004676849171346 4688.0261534032124473 553.47949298275057117 -3862.1568684705084706 1548.1157598785539449 2867.5206015747048696 5262
40000000 307.64281264768953861 4584.2069139647501288 707.13583853457635087 -3770.6085772721899048 1623.5968293712896866 2854.147586435476569 5256
41000000 308.64710463148497865 4599.1719385532705928 654.32587480447887174 -3715.0102975521954249 1531.3523090225621672 2837.9838633341123568 5263
42000000 307.85449052106440604 4587.3611406548097875 568.32021851920103472 -3740.9969501572300032 1465.8328711127592214 2843.4842975636720439 5249
43000000 305.04879396161510385 4545.5532613950272207 686.50780133770149405 -3742.419699857262458 1553.2190219365404573 2875.7084792584232673 5249
44000000 312.47959193612808804 4656.2800980074844119 629.25572392282617784 -3703.7690231820120061 1480.37379650671528 2852.6509505981230177 5258
45000000 313.54848329155976216 4672.2077223185342518 716.55167864773500241 -3730.5799419463069171 1577.9372045483280544 2869.1944160457137514 5255
46000000 313.85134911960602722 4676.7207470532393927 672.91140422149760525 -3754.8725745874971835 1565.5863438343610596 2862.1976349746337291 5259
47000000 313.40608556568901122 4670.0858439172434373 729.14013282040389186 -3673.1951730379118999 1529.5372823063648866 2872.7980235519507914 5257
48000000 307.67716481567629216 4584.7187980053331557 588.23648114617503779 -3834.9090982704228736 1542.0366449246371303 2881.1089344919605537 5247
49000000 306.61037189734020103 4568.8224426511605998 705.84674002513656887 -3757.964823048343078 1552.4386877846186508 2911.3728752888609961 5258
50000000 316.90364605587649294 4722.2032356519521272 632.79909138082643949 -3835.3991055841142952 1600.0115828933171542 2868.1866140716238078 5264
51000000 316.54667597553861924 4716.883999696853607 719.69623971623445868 -3835.9985586291250002 1627.6800972657870261 2928.0147010795717506 5263
52000000 316.73428787662925288 4719.6796176627658497 675.83854208185448442 -3782.5024526064371457 1547.4660632068787436 2910.8749314814126592 5259
53000000 316.35602600943724383 4714.0431113132526662 652.43079779612583025 -3741.1582723334818184 1532.5525284414607086 2861.0365416881468263 5258
54000000 312.69680952090823212 4659.5168723218721425 546.09720605329357568 -3805.569736354908855 1485.1619476665250659 2866.5049947416773648 5251
55000000 318.57035307874792807 4747.0389527358120176 574.33821433485354646 -3881.0420011076789706 1545.8253014749820977 2909.5549139675504193 5257
56000000 314.04319105583272176 4679.5793970664481094 646.46270248379960321 -3738.2967779201921985 1559.92176494457226 2824.8377154594195417 5255
57000000 313.37022867465520903 4669.5515378940481241 646.2986230946582964 -3777.2913877600340129 1494.5132903327678378 2929.076720521923562 5255
58000000 312.17058768458582563 4651.6756041980133887 738.31722348303037506 -3737.5596377396313983 1546.6165151149930352 2929.2603461076691929 5257
59000000 308.14073928580802431 4591.6265533753539785 643.90709965039229701 -3768.4950076870049998 1536.1446017012981429 2876.2575056360988128 5256
60000000 311.46087859984544366 4641.1001798441338906 671.18777829190412376 -3789.7729755746299816 1601.1248907350402533 2859.8358631314936247 5249
61000000 308.18929263871348212 4592.3500502585411596 665.42680524699471789 -3748.4248526179148939 1535.9332446824087128 2877.9184131825013537 5256
62000000 303.7621952382360746 4526.3815644766045807 738.6890043598284592 -3640.8228591483762102 1528.5314535238389908 2850.9804099843654512 5254
63000000 307.85782239175131281 4587.410789091280094 731.53249923620126083 -3735.1511356035052813 1597.4800257820845673 2869.2036090576220886 5256
64000000 310.19630288696697562 4622.2566493344575065 759.62343867979041079 -3693.5642287815617237 1589.1556028613513263 2864.0320646000009219 5249
65000000 306.51354382476262117 4567.3796008179451746 607.74127442156009238 -3832.3094449856475876 1607.6272635117427399 2832.4234558954649401 5253
66000000 309.81685550522018957 4616.6024775502410193 648.07072838582462282 -3772.7416513370203575 1577.0329112730080396 2843.779468449837168 5257
67000000 316.37239227357451909 4714.2869861516346646 701.19285828394799864 -3775.6987693504242998 1599.9925407481237016 2876.8990868862488242 5256
68000000 309.13531432546187716 4606.4467851044773852 614.42121227137477035 -3807.6456237768647952 1565.4658912416300609 2856.600944806609732 5252
69000000 311.7102593247658433 4644.8162193431580818 622.37315356603505734 -3733.5054968912954791 1528.2516756045288275 2827.6269748528015953 5257
70000000 313.75497731700698978 4675.2847041306586107 660.99423155334920921 -3793.0935875969971676 1550.5385510373303077 2903.5492681130158417 5254
71000000 309.91173163406102731 4618.0162333342923375 541.78787341284021295 -3907.823234637877249 1577.6358276381972701 2871.9752804125200782 5255
72000000 311.1162345299030676 4635.9646146258555746 631.15673329384867429 -3739.786712677505875 1533.6957682696011034 2837.2476777017536733 5257
73000000 302.30204356945853306 4504.6237430672917981 591.73743132678032453 -3831.2444085008555703 1583.1745259244203226 2839.8073139032157997 5253
74000000 306.9698552834486236 4574.1791295500697743 700.87956959150960756 -3782.5872266182691419 1581.642914378651767 2901.8238818311269824 5259
75000000 307.94244173437397194 4588.6717077916637209 753.71550956904548002 -3675.6950865137405344 1571.2049708897945948 2858.2056251929916471 5262
76000000 312.48623136136598077 4656.3790325439958906 658.44356342827109074 -3758.062950659733815 1542.3167757339756463 2874.1897383540290321 5266
77000000 311.68065382687359488 4644.3750657632608636 645.06718573836519681 -3785.2493793858566278 1524.5201653504113892 2905.7963997738097532 5259
78000000 311.10815650334819793 4635.8442433912232445 545.84625086604728494 -3841.2357720935210637 1556.6661061137047 2830.4159168458636486 5259
79000000 309.09738755808768929 4605.8816357102014081 603.94351896710963956 -3798.8552344555328091 1496.4961517788542551 2906.3026016437879662 5261
80000000 310.11133505149990697 4620.9905377180002688 673.62637458701738069 -3743.040537679582485 1540.7306229088562759 2875.936289357743135 5265
81000000 309.16439939518511437 4606.8801837480887116 588.13781577507029397 -3787.6962280809893855 1520.0451832130029288 2855.7888606430565233 5257
82000000 309.05076668471929224 4605.1869348387881473 681.37043400366280821 -3737.6835224942524292 1594.3650974634770137 2824.6888590344378827 5260
83000000 307.60537431775622963 4583.6490428106981199 613.68011626651798451 -3808.311236616178121 1614.4431516475251556 2807.5482012351703816 5253
84000000 311.15981366035276778 4636.6139902748191162 658.50104277199739045 -3745.4968382490387739 1539.0470038521202696 2864.9508771689161222 5259
85000000 313.64995259813889561 4673.7197235018938954 670.2412723214399648 -3715.4726707455033647 1531.9869080168623441 2853.7270350500812128 5261
86000000 309.26033895239839921 4608.3097857521624974 852.78751261024638097 -3638.9938341552897327 1588.266394216537492 2903.5149525489987354 5249
87000000 307.61029479388895425 4583.7223631672295596 769.06017673052042483 -3747.2658429471075578 1603.1023511483781476 2913.2236685292500624 5250
88000000 314.59501654569271523 4687.8021870095863051 617.65538549229893306 -3730.1194062040794961 1502.2084890270280084 2845.5663026693500797 5251
89000000 310.48204364091475327 4626.5144921508572224 572.50388847253725544 -3827.5302305688983324 1603.3059049415494428 2796.7282140998863724 5257
90000000 306.49906833101164239 4567.1639004803846547 494.50618384049175802 -3906.5727916325636215 1541.7815038650055612 2859.2974716080498183 5255
91000000 310.66847118320106347 4629.2924619039840763 559.26214708856980451 -3857.2496475243533496 1489.0752777946372589 2927.4365168182857815 5255
92000000 312.84279779141695599 4661.6922536781403323 531.75983800735752993 -3879.5811246863859196 1526.4277542583504328 2884.9132084353923346 5253
93000000 305.21305076565420222 4548.0008634379973955 609.66084752299650518 -3793.6164660792055656 1590.7109315337461339 2812.5663820684562779 5248
94000000 311.54265945846873365 4642.3188020973384482 604.68262296752368457 -3853.9419781130272895 1586.0938374366962762 2872.5307636438546979 5265
95000000 309.03496898133010973 4604.9515321635944929 575.36435535548139342 -3788.5410218740880737 1535.4199404657817922 2828.4854367637872201 5261
96000000 304.28980027640034223 4534.2434437871579576 761.02510324235117878 -3706.7819391283510413 1559.5547476863530392 2908.2522946843491809 5250
97000000 309.40650584456864181 4610.4878287622123025 526.48314126307604965 -3843.1200125989025764 1538.2087883986469024 2831.394365463331269 5257
98000000 310.02111840038111268 4619.6462131350399432 518.39897670162417853 -3911.9336092026046572 1590.2369792287447581 2840.095606675484305 5252
99000000 312.07452252864146658 4650.2441306385271673 563.43420016418554042 -3869.004214577890707 1562.3281857038602993 2870.1102290382159481 5256
100000000 312.39083743133278404 4654.9575609684216033 604.67730192305782566 -3829.6788508630606884 1586.9156081063792954 2847.4405446797395598 5262
101000000 312.2536041795178221 4652.9126387536562106 564.36231009501739209 -3897.7639648831063823 1618.6610817299911105 2843.4651932481324366 5248
102000000 310.8156867069436089 4631.4861306459106345 527.25829403730790546 -3817.4884026012796312 1561.3526219219993436 2783.3940747165879657 5243
103000000 309.14552778382659426 4606.5989765567919676 654.97208255198597726 -3816.2394206076405681 1598.6965379184434823 2872.5149652411832903 5260
104000000 306.64017879522646126 4569.2665973063531055 551.95650432347804326 -3841.2398380621043543 1554.2932066324842708 2838.9031357530975583 5255
105000000 303.33806800983717267 4520.0616151948588595 561.19899283744621243 -3817.2493538540720692 1578.1089304028723745 2800.3394162886461345 5258
106000000 310.27501991527043401 4623.4296172393142115 487.89598780177465187 -3869.1080768983338203 1541.8274094272319417 2815.1766552728768147 5260
107000000 307.59825535671876651 4583.5429626779387036 569.6821877192824104 -3776.8012497204308602 1529.038488340397862 2817.444949099315636 5255
108000000 309.61903978693050021 4613.6548117956926944 518.33598438468084169 -3850.8776548850682957 1521.3295057348400405 2847.8841335349088695 5258
109000000 308.57944915097652938 4598.1637995402215893 508.4219363009275412 -3845.5089395788963884 1570.7896697653279716 2783.1412061144956169 5257
110000000 300.84948281388659552 4482.9790343827680772 424.54021052963253169 -3874.1023401772217767 1528.2447879891828961 2770.3977627176709575 5260
111000000 309.64754396491287025 4614.0795545311375463 587.39939110348313989 -3800.0768682234843254 1499.7867451336469458 2887.6895141933200648 5257
112000000 314.51596808429360408 4686.6242803971572357 601.06523393671579925 -3742.4493038715281727 1577.6488140460405702 2765.8657237622037428 5262
113000000 314.96278446117491967 4693.2823222559718488 536.84944331268843598 -3867.9943165330059855 1543.0078964454223751 2861.8358634002725012 5263
114000000 305.41938054983211259 4551.0753978795628427 565.2113444541246281 -3866.8709585382880505 1542.9520019715696435 2889.1303010208434898 5255
115000000 301.12910767775639442 4487.1457438964289395 561.72262542981479783 -3810.711096454593644 1552.1394294715828437 2820.2942924128255981 5257
116000000 304.18538696000138088 4532.6875737090413168 501.32551510306427645 -3797.9026821063334864 1546.5446220412206912 2752.6835751681765032 5263
117000000 307.42882660480529466 4581.0182930805513024 524.44127401804780675 -3811.121423364909333 1512.5455728287311103 2823.0171245542260294 5253
118000000 310.43172625297455625 4625.7647092591232649 601.22939583959328047 -3765.3354118928727985 1541.5428857213510128 2825.0219220111148388 5256
119000000 306.44245421497771531 4566.3202896060811327 501.23512236152032528 -3803.6922414568707609 1525.8967271978649478 2779.030636620525911 5262
120000000 306.37730963415896213 4565.3495656836648777 540.45939285489771464 -3767.4767252764636396 1578.5103561301846185 2729.4257620011767358 5253
121000000 312.72685424396092913 4659.9645708263842607 444.78835687855047354 -3906.5740329459385975 1552.5667333264962053 2798.79565649799315 5252
122000000 306.3160167960978697 4564.436236847544933 472.42534811691967889 -3829.7120884774776641 1515.7065457210239856 2786.4308908733728458 5263
123000000 311.74407307855142335 4645.3200804363423231 538.14712053857044793 -3743.0064884388730206 1516.3931524538677422 2764.7604565235760674 5261
124000000 304.16258053492828139 4532.3477335853503973 539.83908015493216226 -3851.7848033940731511 1524.7515010067227195 2866.8723825422825939 5261
125000000 316.42725354139281535 4715.1044777129591239 584.98698997297856295 -3892.0219494042044062 1605.4282739768216288 2871.5806654003608855 5255
126000000 306.45400663795436458 4566.4924330630565237 529.96229372975903971 -3903.125099926319308 1632.1205019630378956 2800.9668916930404521 5257
127000000 312.94138697560384799 4663.1613379577374872 475.84199436749196366 -3865.458484911769574 1547.477069204909867 2793.8234100743520685 5249
128000000 303.92228536035389652 4528.767078502932236 446.50976771017741385 -3925.9177309000078822 1582.7896601116831334 2789.6378384985027878 5253
129000000 311.73052149635890373 4645.1181473690703569 500.26953473003482031 -3850.7603236440550063 1575.7507415885102091 2775.2791167855798449 5254
130000000 310.28146615701336941 4623.5256731351519193 574.67147133654452773 -3749.3456998595747791 1542.8891727048908251 2781.1279984912289365 5251
131000000 304.63714902616561631 4539.4193116272899715 707.6905563260645522 -3726.5235368433186522 1585.1488066802826324 2849.0652864891007994 5257
132000000 309.04785773694732143 4605.1435884060410899 573.33153244171307961 -3766.2740625369615373 1513.6046195273568173 2826.0009754513175722 5253
133000000 309.09008645750856203 4605.7728415034844147 665.54414062890464265 -3740.8292110064521694 1573.5758876663717274 2832.7974639689855394 5256
134000000 312.15476158876327872 4651.439778445198499 677.9262559908121375 -3702.6928694527632615 1530.1388451296270432 2850.4802803139482421 5244
135000000 313.21461762186982014 4667.2327667908693911 621.58910758168167376 -3753.5294159163086078 1552.2126244471653536 2822.9058990508251554 5247
136000000 312.07320954689498649 4650.2245658063493465 552.31403418864397281 -3801.6196478289703009 1534.1071580784532671 2819.826523939161234 5250
137000000 310.77988367022589955 4630.9526271096192431 612.85050994064863517 -3812.4981461678130472 1553.5187854649529982 2871.8298706435084569 5259
138000000 310.96453989378841243 4633.7042023194426292 613.8431266587325581 -3753.3708122990260563 1531.3369752192047599 2835.8769637385535134 5258
139000000 307.4117879602430321 4580.7643990547667272 658.13708057553981234 -3729.4591878860619545 1543.23291044171674 2844.3633580198847994 5254
140000000 308.53366400411397308 4597.4815518875038833 485.26719871404060314 -3850.0168360113984818 1490.1507457829347914 2845.1332889425043504 5263
141000000 308.82405279729209724 4601.8086554592346147 544.75457383062780536 -3744.1560537402683622 1508.1521960962638786 2780.7584314746318341 5242
142000000 307.00820050614822776 4574.7505143762073203 665.2305615236474523 -3762.4967539539447898 1521.4884147108859906 2906.2389007667056831 5251
143000000 311.92336491264552478 4647.9917205061938148 743.73056600222150792 -3734.1017389688549883 1558.9670897006753876 2918.8652152704012224 5252
144000000 312.59531434010375506 4658.004485584883696 585.48586904912588125 -3806.2232536949218229 1572.8314819704373804 2818.8776407736099827 5253
145000000 307.9918901851682449 4589.4085425906469027 538.6376532145627607 -3816.3696487962761239 1482.6731717381087492 2872.3341302727303628 5255
146000000 311.90457211451195008 4647.7116877162352466 828.14403195895317822 -3618.9600507597215255 1592.7301052494749456 2854.3739774692003266 5250
147000000 303.99981230928460718 4529.9223129524161777 613.70755740058871197 -3748.1686755393639032 1541.268981538085427 2820.6072514018669608 5253
148000000 311.31867104542163815 4638.9811352007791356 540.88881681555358227 -3785.4569748153598994 1488.2129308324770136 2838.132860798436468 5254
149000000 308.98659060224895256 4604.2306425775132084 497.47598622856725115 -3837.2834861555975294 1466.1636253576577928 2868.5958470265068172 5256
150000000 306.95074048406922884 4573.8942985971871167 591.36116593505744277 -3843.4995959586358367 1529.5142014376224324 2905.3465604560710744 5256
151000000 311.02886678044984592 4634.6627417244408207 587.01842646152147154 -3831.6907284071257891 1573.3899150165352694 2845.3192398521123323 5246
152000000 313.00419187017320155 4664.0971980528838685 647.26459474108742143 -3715.7072504746274717 1498.0643910642193077 2864.9074541514955854 5257
153000000 307.89042233082091116 4587.8965630470947872 602.57638868950311917 -3778.2162539149558143 1576.0460624196016397 2804.7465801848575211 5250
154000000 310.16323274867761484 4621.7638689074192371 668.65156505553454735 -3746.9871861573114984 1544.7581228855151494 2870.8806283273311237 5253
155000000 306.94946997868731842 4573.8753667082673928 590.07772353553741596 -3812.6042503336416303 1505.2367649742029698 2897.4452088949760764 5255
156000000 312.31442931117436501 4653.8189982641652023 634.64930363418943671 -3801.1088967130726815 1558.2219863917262046 2877.5362139555354588 5261
157000000 307.36814876808273311 4580.114128422083013 605.7945108202376332 -3832.1407756255248387 1561.2912801744255376 2876.6440062713372754 5259
158000000 310.93243303658124432 4633.2257758107007248 576.58985906691839318 -3817.7109420292654249 1515.9463505587846157 2878.3544505373993161 5263
159000000 309.97330716678715135 4618.9337746232458812 650.14191110565411691 -3769.5885976042413859 1543.8956414511728781 2875.8348672587230794 5255
160000000 316.09472146299191309 4710.1493941216958774 546.35662442283546625 -3815.1438919379806975 1513.6871744774807667 2847.8133418833353971 5254
161000000 304.9176198376726461 4543.598626665435404 578.57102066591596667 -3781.3060761377287236 1490.6956056873843863 2869.1814911162600765 5251
162000000 310.61883324214875302 4628.5528034975077389 555.94681450151176705 -3803.5006126252760623 1510.2276841888951822 2849.2197429378929883 5257
163000000 315.15489719635064603 4696.1450074631247844 537.39703775102259442 -3921.0494362478593757 1557.973798425688301 2900.4726755731940102 5258
164000000 318.56378543481434917 4746.941087817501284 656.79653175372368423 -3777.5188882414395266 1558.7547640001537275 2875.560655995009256 5249
165000000 311.44069017327228721 4640.7993506978837104 694.83856803961202786 -3756.2914159662632301 1564.7828440318639878 2886.3471399740110428 5250
166000000 312.7124965174387512 4659.7506253464771362 754.12013107152938574 -3723.8648640947913009 1547.3220858130821398 2930.6629093532383195 5255
167000000 312.42253402788497851 4655.4298741546554083 549.44080669617483181 -3854.9484147079697323 1528.735166259181824 2875.6540551449625127 5254
168000000 310.32608570681861693 4624.1905521451790264 556.66471619843014196 -3758.0941362471985485 1541.9363482524099709 2772.8225041932182648 5255
169000000 311.13902462421600603 4636.3042114037552892 629.78866805690677211 -3845.7362357984711707 1577.4337207136436518 2898.0911831417347457 5258
170000000 316.92620239100983781 4722.5393491680852094 593.01262988073142424 -3841.940559319615204 1502.825521559309891 2932.1276676410366235 5249
171000000 306.34864940410892586 4564.9224976055238585 606.67439538563962742 -3816.9963233028261129 1573.49721316883074 2850.1735055196350004 5248
172000000 303.8775033578654643 4528.0997787741926004 644.59593027533651366 -3824.3840715025198733 1574.8116249990139295 2894.1683767788426849 5258
173000000 311.1728943948334063 4636.8089072076409138 696.83886106542286143 -3779.2337042281674258 1527.4530228213195642 2948.6195424722704956 5256
174000000 305.4575691347226325 4551.6444486348300416 729.57424450358894319 -3703.1958465959592104 1580.8395040240657181 2851.9305870754824355 5249
175000000 310.52439405135754669 4627.1455585576750309 782.43131532569941555 -3703.8502986146822877 1580.4942431170438795 2905.7873708233373691 5252
176000000 309.66389251531865057 4614.3231654159762911 624.66459040366567024 -3786.0337462793713712 1545.884603702801769 2864.8137329802348177 5250
177000000 311.84366294144405174 4646.8040758988199741 603.84037946421426568 -3803.2937081358431897 1538.0919769188981263 2869.0421106811600112 5252
178000000 303.07252376803751304 4516.1047220084237779 558.70849638414244964 -3862.9296523293178325 1557.6789352601040264 2863.9592134533568242 5247
179000000 312.252898181829039 4652.9021186330719502 692.88442142086319109 -3703.1939583700823277 1528.0619859382136383 2868.0163938527321079 5255
180000000 311.86960192623178045 4647.1905945123435231 649.21272108490097708 -3789.0028237067899681 1553.0359449401867096 2885.1795998515040083 5255
181000000 311.49120206025486368 4641.5520318333537944 598.55543231984268004 -3830.2119683837931916 1599.7425592639187926 2829.0248414397165106 5259
182000000 316.28946047612714665 4713.0512136790912336 509.70532876519092724 -3836.7447810140329238 1523.8740751459379226 2822.5760346332858717 5250
183000000 308.02847172876823834 4589.9536467120506131 624.72947584490907502 -3752.7440798127890957 1572.2855842451244825 2805.1879714125739156 5255
184000000 307.0825148389500896 4575.857877409671346 416.3432746718953581 -3946.1741525321194786 1510.3245317966807306 2852.1928954073337081 5266
185000000 315.87648247342212926 4706.8973997836119452 544.93556824144081929 -3790.6428329894470153 1495.361451460155422 2840.2169497707327537 5259
186000000 311.44752204333792633 4640.9011528681367054 613.94466960520480825 -3856.7455508707962508 1530.5007073469955685 2940.1895131290048084 5258
187000000 313.60364382038324038 4673.0296731888774957 619.39021835701009877 -3793.5169853067159238 1559.6459846910570377 2853.2612189726692122 5260
188000000 313.98573025453089258 4678.7231696761746207 489.93987159439296875 -3864.9455314206729781 1510.3986708070951863 2844.4867322079708174 5261
189000000 308.402698227883036 4595.5300217616295413 491.08644587536247172 -3891.6654228366833195 1558.8030057753298934 2823.9488629367160684 5261
190000000 308.36757504927402351 4595.0066488382253738 698.80463807951332456 -3737.0314010312658866 1555.4518772682158669 2880.3841618425635716 5254
191000000 315.03036214462576936 4694.289302009664425 608.38806172606450673 -3808.6953958294661788 1546.7689242246328831 2870.3145333308980298 5257
192000000 306.74995133940149117 4570.9023256097052581 563.11311221373034641 -3795.3447107143324502 1513.892850225730399 2844.5649727023323976 5251
193000000 307.29478785355371429 4579.0209723405077966 615.03972790789862302 -3814.296563401165713 1572.7970777684636232 2856.5392135406009402 5261
194000000 307.75459143078654733 4585.8725373735915127 671.11535894477549391 -3713.4661258085770896 1546.547145437070867 2838.0343393162816028 5258
195000000 310.74021676471141973 4630.3615477960802309 651.76335415812741303 -3747.6926924424465142 1513.7214052426704711 2885.7346413579039108 5254
196000000 310.83454333739427966 4631.7671146056600264 656.42875727400610231 -3799.7552374794654497 1583.7788755418366691 2872.405119211634883 5258
197000000 312.16318390231356261 4651.5652799242561741 631.38628681894783767 -3783.7384354157620692 1576.0059109225408065 2839.118811312168873 5251
198000000 312.63413301442659531 4658.5829253465353759 681.45429128305636368 -3712.4368499927068115 1569.3200096831378687 2824.5711315926255338 5253
199000000 312.69051159293263709 4659.423026459779976 614.27608428891608128 -3806.1051223124886747 1499.4862256639655698 2920.8949809374394135 5253
200000000 307.76482674013504948 4586.02505442893289 613.05317607114500333 -3783.4737833815038357 1550.2817218691056951 2846.2452375835428029 5245
