4.950e+02
4.952e+02
4.953e+02
4.956e+02
4.955e+02
4.956e+02
4.956e+02
4.955e+02
4.957e+02
4.956e+02
4.953e+02
4.952e+02
4.952e+02
4.954e+02
4.953e+02
4.949e+02
4.952e+02
4.955e+02
4.953e+02
4.952e+02
4.953e+02
4.953e+02
4.952e+02
4.954e+02
4.952e+02
4.955e+02
4.956e+02
4.956e+02
4.953e+02
4.952e+02
4.954e+02
4.952e+02
4.950e+02
4.950e+02
4.947e+02
4.948e+02
4.945e+02
4.950e+02
4.948e+02
4.947e+02
4.944e+02
4.943e+02
4.945e+02
4.949e+02
4.949e+02
4.949e+02
4.948e+02
4.949e+02
4.950e+02
4.946e+02
4.948e+02
4.951e+02
4.951e+02
4.946e+02
4.948e+02
4.949e+02
4.947e+02
4.944e+02
4.945e+02
4.949e+02
4.950e+02
4.956e+02
4.956e+02
4.954e+02
4.955e+02
4.958e+02
4.956e+02
4.956e+02
4.954e+02
4.956e+02
4.955e+02
4.953e+02
4.954e+02
4.954e+02
4.952e+02
4.952e+02
4.952e+02
4.953e+02
4.952e+02
4.954e+02
4.953e+02
4.955e+02
4.957e+02
4.954e+02
4.956e+02
4.959e+02
4.957e+02
4.957e+02
4.954e+02
4.954e+02
4.953e+02
4.957e+02
4.953e+02
4.951e+02
4.953e+02
4.954e+02
4.955e+02
4.955e+02
4.954e+02
4.949e+02
