# Fix print output for fix saveBond
301000000 39 38
302000000 66 66
303000000 97 97
304000000 144 144
305000000 186 185
306000000 222 221
307000000 261 260
308000000 299 297
309000000 330 328
310000000 361 360
311000000 405 404
312000000 437 436
313000000 474 474
314000000 509 507
315000000 537 535
316000000 577 575
317000000 610 609
318000000 650 649
319000000 682 681
320000000 718 717
321000000 754 753
322000000 787 786
323000000 822 823
324000000 853 853
325000000 890 890
326000000 919 919
327000000 957 956
328000000 984 983
329000000 1026 1025
330000000 1062 1061
331000000 1103 1102
332000000 1132 1132
333000000 1169 1168
334000000 1205 1204
335000000 1249 1248
336000000 1275 1274
337000000 1306 1305
338000000 1344 1343
339000000 1378 1377
340000000 1399 1398
341000000 1433 1432
342000000 1469 1470
343000000 1509 1509
344000000 1536 1536
345000000 1554 1554
346000000 1598 1597
347000000 1631 1630
348000000 1656 1655
349000000 1688 1687
350000000 1720 1719
351000000 1758 1757
352000000 1786 1785
353000000 1821 1820
354000000 1848 1847
355000000 1876 1875
356000000 1918 1918
357000000 1946 1946
358000000 1983 1984
359000000 2022 2022
360000000 2055 2055
361000000 2085 2085
362000000 2120 2120
363000000 2153 2153
364000000 2185 2186
365000000 2235 2235
366000000 2270 2270
367000000 2303 2303
368000000 2340 2340
369000000 2376 2376
370000000 2407 2407
371000000 2442 2442
372000000 2478 2478
373000000 2514 2514
374000000 2550 2551
375000000 2589 2590
376000000 2637 2638
377000000 2675 2676
378000000 2709 2710
379000000 2745 2746
380000000 2780 2780
381000000 2811 2811
382000000 2847 2847
383000000 2882 2882
384000000 2916 2917
385000000 2955 2956
386000000 2989 2990
387000000 3025 3027
388000000 3055 3056
389000000 3092 3093
390000000 3118 3120
391000000 3155 3156
392000000 3187 3188
393000000 3220 3222
394000000 3257 3258
395000000 3296 3297
396000000 3329 3329
397000000 3380 3380
398000000 3419 3418
399000000 3446 3445
400000000 3470 3469
