# Fix print output for fix saveBond
301000000 40 40
302000000 81 81
303000000 112 113
304000000 148 149
305000000 177 178
306000000 211 212
307000000 244 245
308000000 276 278
309000000 315 315
310000000 353 354
311000000 394 395
312000000 427 429
313000000 473 474
314000000 507 509
315000000 542 545
316000000 578 580
317000000 609 609
318000000 641 641
319000000 674 674
320000000 713 713
321000000 743 742
322000000 785 784
323000000 812 812
324000000 855 855
325000000 882 881
326000000 910 909
327000000 945 944
328000000 973 972
329000000 1016 1016
330000000 1057 1056
331000000 1078 1077
332000000 1108 1108
333000000 1143 1143
334000000 1170 1170
335000000 1208 1208
336000000 1247 1248
337000000 1276 1277
338000000 1320 1319
339000000 1369 1368
340000000 1396 1395
341000000 1426 1425
342000000 1458 1457
343000000 1500 1500
344000000 1539 1538
345000000 1568 1567
346000000 1588 1589
347000000 1635 1634
348000000 1667 1666
349000000 1696 1695
350000000 1718 1718
351000000 1755 1755
352000000 1782 1783
353000000 1816 1816
354000000 1845 1844
355000000 1885 1884
356000000 1917 1916
357000000 1945 1946
358000000 1978 1977
359000000 2016 2016
360000000 2043 2042
361000000 2068 2067
362000000 2110 2109
363000000 2145 2144
364000000 2171 2170
365000000 2202 2201
366000000 2240 2239
367000000 2286 2285
368000000 2320 2319
369000000 2362 2362
370000000 2400 2399
371000000 2434 2433
372000000 2466 2466
373000000 2501 2501
374000000 2542 2542
375000000 2582 2581
376000000 2617 2617
377000000 2649 2649
378000000 2688 2686
379000000 2718 2716
380000000 2740 2738
381000000 2774 2773
382000000 2807 2805
383000000 2837 2835
384000000 2871 2869
385000000 2903 2902
386000000 2936 2934
387000000 2980 2978
388000000 3010 3007
389000000 3046 3044
390000000 3077 3075
391000000 3101 3098
392000000 3136 3133
393000000 3165 3163
394000000 3202 3200
395000000 3246 3243
396000000 3286 3284
397000000 3323 3321
398000000 3350 3348
399000000 3383 3381
400000000 3412 3410
