# Fix print output for fix saveBond
301000000 29 29
302000000 54 54
303000000 90 90
304000000 121 120
305000000 167 166
306000000 217 216
307000000 255 255
308000000 287 288
309000000 327 328
310000000 367 368
311000000 405 406
312000000 452 453
313000000 483 484
314000000 524 525
315000000 545 547
316000000 570 573
317000000 608 610
318000000 648 649
319000000 684 686
320000000 719 720
321000000 756 757
322000000 784 784
323000000 817 816
324000000 847 846
325000000 880 878
326000000 923 921
327000000 958 956
328000000 986 983
329000000 1022 1019
330000000 1063 1061
331000000 1100 1098
332000000 1134 1132
333000000 1173 1171
334000000 1204 1203
335000000 1239 1241
336000000 1283 1285
337000000 1322 1325
338000000 1353 1356
339000000 1384 1387
340000000 1423 1427
341000000 1456 1461
342000000 1478 1481
343000000 1506 1509
344000000 1542 1544
345000000 1582 1583
346000000 1621 1621
347000000 1650 1652
348000000 1690 1691
349000000 1720 1720
350000000 1759 1760
351000000 1797 1797
352000000 1837 1837
353000000 1871 1871
354000000 1903 1903
355000000 1934 1936
356000000 1970 1971
357000000 2014 2015
358000000 2057 2059
359000000 2101 2103
360000000 2136 2135
361000000 2168 2167
362000000 2203 2202
363000000 2242 2241
364000000 2284 2283
365000000 2335 2334
366000000 2356 2355
367000000 2391 2391
368000000 2418 2418
369000000 2452 2452
370000000 2490 2491
371000000 2522 2522
372000000 2560 2561
373000000 2590 2590
374000000 2622 2622
375000000 2658 2659
376000000 2689 2690
377000000 2730 2730
378000000 2766 2768
379000000 2798 2800
380000000 2840 2842
381000000 2868 2869
382000000 2907 2907
383000000 2960 2959
384000000 2993 2992
385000000 3034 3033
386000000 3060 3059
387000000 3102 3101
388000000 3132 3131
389000000 3160 3159
390000000 3189 3188
391000000 3228 3227
392000000 3265 3264
393000000 3296 3295
394000000 3335 3335
395000000 3375 3376
396000000 3411 3410
397000000 3451 3451
398000000 3497 3496
399000000 3534 3534
400000000 3578 3578
