# Fix print output for fix saveBond
301000000 29 29
302000000 65 66
303000000 97 98
304000000 127 127
305000000 158 158
306000000 183 183
307000000 215 215
308000000 253 252
309000000 295 294
310000000 331 331
311000000 370 369
312000000 402 401
313000000 436 435
314000000 466 464
315000000 499 497
316000000 531 530
317000000 564 562
318000000 601 599
319000000 634 633
320000000 660 660
321000000 692 693
322000000 724 724
323000000 768 768
324000000 801 801
325000000 832 832
326000000 875 876
327000000 908 908
328000000 939 939
329000000 974 974
330000000 998 999
331000000 1026 1026
332000000 1061 1061
333000000 1083 1084
334000000 1118 1117
335000000 1154 1154
336000000 1184 1183
337000000 1216 1216
338000000 1264 1263
339000000 1308 1307
340000000 1332 1331
341000000 1370 1369
342000000 1408 1407
343000000 1448 1447
344000000 1480 1479
345000000 1516 1516
346000000 1542 1541
347000000 1580 1579
348000000 1615 1614
349000000 1653 1652
350000000 1688 1687
351000000 1733 1732
352000000 1776 1776
353000000 1811 1811
354000000 1847 1849
355000000 1884 1885
356000000 1918 1919
357000000 1959 1960
358000000 2001 2002
359000000 2040 2040
360000000 2078 2079
361000000 2120 2120
362000000 2146 2146
363000000 2179 2180
364000000 2208 2209
365000000 2240 2240
366000000 2277 2276
367000000 2316 2315
368000000 2358 2357
369000000 2388 2388
370000000 2419 2417
371000000 2459 2457
372000000 2497 2495
373000000 2545 2545
374000000 2588 2587
375000000 2623 2622
376000000 2646 2644
377000000 2674 2672
378000000 2711 2709
379000000 2751 2749
380000000 2788 2785
381000000 2826 2823
382000000 2861 2858
383000000 2894 2891
384000000 2932 2929
385000000 2971 2968
386000000 3018 3015
387000000 3049 3046
388000000 3086 3083
389000000 3121 3118
390000000 3154 3151
391000000 3185 3182
392000000 3222 3219
393000000 3262 3259
394000000 3303 3300
395000000 3343 3340
396000000 3367 3364
397000000 3403 3400
398000000 3432 3430
399000000 3473 3470
400000000 3504 3502
