# Fix print output for fix saveBond
301000000 39 39
302000000 75 75
303000000 123 122
304000000 165 164
305000000 204 204
306000000 237 236
307000000 275 274
308000000 311 310
309000000 345 344
310000000 382 381
311000000 421 420
312000000 465 463
313000000 501 499
314000000 537 536
315000000 578 577
316000000 603 603
317000000 647 646
318000000 677 676
319000000 707 706
320000000 744 743
321000000 780 779
322000000 824 824
323000000 867 866
324000000 903 902
325000000 930 931
326000000 964 963
327000000 1003 1003
328000000 1036 1035
329000000 1080 1078
330000000 1115 1113
331000000 1145 1143
332000000 1177 1175
333000000 1211 1210
334000000 1233 1231
335000000 1258 1256
336000000 1299 1297
337000000 1328 1326
338000000 1367 1365
339000000 1401 1400
340000000 1435 1433
341000000 1475 1473
342000000 1510 1508
343000000 1550 1548
344000000 1593 1592
345000000 1619 1618
346000000 1649 1648
347000000 1682 1681
348000000 1728 1726
349000000 1766 1764
350000000 1805 1803
351000000 1844 1843
352000000 1875 1874
353000000 1898 1897
354000000 1924 1924
355000000 1970 1969
356000000 2003 2002
357000000 2032 2031
358000000 2069 2068
359000000 2100 2100
360000000 2144 2142
361000000 2172 2171
362000000 2209 2206
363000000 2247 2244
364000000 2277 2275
365000000 2309 2307
366000000 2344 2342
367000000 2400 2398
368000000 2434 2432
369000000 2461 2460
370000000 2496 2495
371000000 2532 2531
372000000 2571 2570
373000000 2602 2600
374000000 2632 2630
375000000 2665 2664
376000000 2696 2696
377000000 2729 2727
378000000 2773 2771
379000000 2806 2804
380000000 2840 2838
381000000 2884 2882
382000000 2915 2914
383000000 2953 2952
384000000 2982 2981
385000000 3021 3018
386000000 3047 3044
387000000 3083 3081
388000000 3119 3118
389000000 3167 3166
390000000 3202 3201
391000000 3244 3244
392000000 3281 3280
393000000 3310 3309
394000000 3343 3342
395000000 3378 3378
396000000 3412 3412
397000000 3449 3448
398000000 3483 3482
399000000 3527 3527
400000000 3564 3565
