# Fix print output for fix saveBond
301000000 35 35
302000000 78 77
303000000 112 111
304000000 146 144
305000000 180 178
306000000 213 211
307000000 248 246
308000000 281 279
309000000 318 316
310000000 356 354
311000000 398 397
312000000 438 439
313000000 458 459
314000000 500 501
315000000 537 537
316000000 577 578
317000000 619 619
318000000 662 662
319000000 701 701
320000000 735 736
321000000 768 768
322000000 808 808
323000000 835 834
324000000 872 871
325000000 908 907
326000000 941 940
327000000 969 968
328000000 1002 1001
329000000 1033 1032
330000000 1070 1069
331000000 1107 1106
332000000 1136 1135
333000000 1175 1174
334000000 1211 1210
335000000 1252 1251
336000000 1271 1270
337000000 1301 1300
338000000 1339 1338
339000000 1367 1366
340000000 1405 1404
341000000 1441 1440
342000000 1473 1473
343000000 1520 1520
344000000 1557 1557
345000000 1586 1586
346000000 1619 1619
347000000 1646 1647
348000000 1670 1672
349000000 1702 1704
350000000 1736 1738
351000000 1770 1772
352000000 1800 1802
353000000 1825 1827
354000000 1863 1865
355000000 1899 1900
356000000 1928 1929
357000000 1961 1962
358000000 2003 2005
359000000 2046 2047
360000000 2081 2082
361000000 2116 2118
362000000 2153 2154
363000000 2190 2190
364000000 2219 2219
365000000 2253 2254
366000000 2285 2285
367000000 2329 2329
368000000 2365 2366
369000000 2395 2395
370000000 2437 2437
371000000 2473 2473
372000000 2504 2503
373000000 2541 2540
374000000 2574 2573
375000000 2607 2606
376000000 2640 2639
377000000 2674 2673
378000000 2700 2699
379000000 2739 2738
380000000 2781 2781
381000000 2823 2823
382000000 2857 2856
383000000 2903 2902
384000000 2943 2943
385000000 2982 2981
386000000 3024 3023
387000000 3056 3055
388000000 3087 3086
389000000 3128 3127
390000000 3170 3169
391000000 3195 3194
392000000 3227 3226
393000000 3267 3266
394000000 3304 3303
395000000 3336 3335
396000000 3366 3365
397000000 3404 3403
398000000 3438 3437
399000000 3470 3469
400000000 3511 3511
