# Fix print output for fix saveBond
301000000 32 32
302000000 70 69
303000000 119 117
304000000 154 152
305000000 188 187
306000000 219 218
307000000 258 257
308000000 292 291
309000000 318 317
310000000 349 348
311000000 383 384
312000000 415 416
313000000 444 445
314000000 480 481
315000000 506 507
316000000 539 540
317000000 569 570
318000000 594 595
319000000 631 632
320000000 662 663
321000000 693 693
322000000 718 718
323000000 753 753
324000000 787 787
325000000 821 821
326000000 861 861
327000000 894 894
328000000 934 934
329000000 974 974
330000000 1016 1016
331000000 1043 1044
332000000 1069 1070
333000000 1100 1101
334000000 1135 1137
335000000 1167 1169
336000000 1195 1197
337000000 1245 1246
338000000 1280 1280
339000000 1319 1319
340000000 1350 1350
341000000 1396 1398
342000000 1430 1432
343000000 1460 1461
344000000 1500 1501
345000000 1534 1535
346000000 1574 1575
347000000 1607 1607
348000000 1644 1644
349000000 1675 1675
350000000 1710 1711
351000000 1737 1738
352000000 1766 1766
353000000 1800 1801
354000000 1830 1832
355000000 1863 1866
356000000 1900 1901
357000000 1931 1932
358000000 1961 1964
359000000 2004 2007
360000000 2032 2036
361000000 2071 2074
362000000 2107 2109
363000000 2141 2143
364000000 2174 2175
365000000 2210 2211
366000000 2247 2248
367000000 2278 2278
368000000 2313 2314
369000000 2349 2350
370000000 2374 2374
371000000 2411 2412
372000000 2446 2448
373000000 2478 2480
374000000 2522 2524
375000000 2559 2561
376000000 2605 2607
377000000 2634 2636
378000000 2663 2666
379000000 2701 2704
380000000 2740 2743
381000000 2787 2790
382000000 2836 2838
383000000 2864 2865
384000000 2894 2895
385000000 2920 2921
386000000 2960 2960
387000000 2995 2996
388000000 3042 3043
389000000 3077 3078
390000000 3111 3112
391000000 3141 3143
392000000 3178 3178
393000000 3201 3202
394000000 3237 3239
395000000 3271 3272
396000000 3317 3317
397000000 3364 3364
398000000 3390 3390
399000000 3420 3421
400000000 3440 3441
