# Steps Temp KinEng PotEng Epair Ebond Eangle Bonds
301000000 309.5514219657525814 4612.6472339469428334 590.02381418872232643 -3855.6131765098325559 1556.3709931151618093 2889.2659975833935277 5295
302000000 308.309476738639205 4594.1409218771123051 617.72493226307756231 -3777.6711968100953527 1537.021966882025481 2858.3741621911476614 5296
303000000 310.13871639948382608 4621.3985490856684919 561.5977865104614466 -3883.6968884922503094 1596.8057985713746803 2848.4888764313363936 5297
304000000 311.2233441464887278 4637.5606624602851298 715.37704737250169273 -3774.2374646390289854 1556.5495646177546405 2933.0649473937755829 5297
305000000 314.56599551341872711 4687.3697425924528943 482.75997210093555623 -3893.6881881828412588 1543.4870012063415743 2832.9611590774356955 5296
306000000 310.45552785272735719 4626.1193785498217039 596.66134467108395256 -3830.6058394751389642 1559.0573950069538114 2868.2097891392695601 5296
307000000 312.19997294112965847 4652.1134759462838701 529.92487739292141669 -3893.4336327284959225 1559.3652616307192602 2863.9932484906985337 5296
308000000 302.65361190023730842 4509.8624871771135076 560.56722088136370985 -3846.4009528518363368 1548.4185732105133866 2858.5496005226873422 5296
309000000 307.77204894542472857 4586.1326730114642487 576.17892196871764554 -3780.3421230246226514 1546.7399683398020898 2809.7810766535385483 5296
310000000 309.7137274049165967 4615.0657585664075668 633.41904709324421674 -3793.7150848572027826 1585.7129228702876844 2841.4212090801597697 5296
311000000 314.48600443780225078 4686.177790020115026 665.2284081963165363 -3833.0363595480330332 1591.3693715750098363 2906.8953961693396195 5294
312000000 310.43104386299438602 4625.7545409186432153 516.00813874760456201 -3858.9344573217349534 1502.2952922777492404 2872.6473037915902751 5294
313000000 308.63191819208361721 4598.9456443652052258 621.89735056059532781 -3825.6104255658492548 1544.2799097548236205 2903.2278663716206211 5294
314000000 314.59475628057833774 4687.7983087810443976 575.90365780115780581 -3770.8739497764381667 1538.6122510832797161 2808.1653564943162564 5294
315000000 303.66990233305187985 4525.006301487640485 516.34081569637282882 -3827.6131258452510338 1510.3619105363572999 2833.5920310052665627 5294
316000000 309.11493689900578374 4606.1431396578473141 641.44867878411105266 -3825.3354714775264256 1598.8754478513501454 2867.9087024102873329 5294
317000000 309.40915435912228304 4610.5272944614889639 546.57902511782265265 -3921.0711098373540153 1585.0560572545794003 2882.5940777005976088 5294
318000000 312.57356886297105802 4657.6804547201245441 521.45054895084069813 -3861.186580027562286 1546.5410784410742053 2836.0960505373286651 5294
319000000 316.58695271075714572 4717.4841661251593905 521.72383655270118652 -3914.8615118053976403 1542.787253529490954 2893.7980948286076455 5294
320000000 308.83123840598506149 4601.9157287133366481 683.04682806063487988 -3741.7401341181321186 1540.7419815963685323 2884.0449805823982388 5294
321000000 317.96054100605334725 4737.9521006952700191 550.11603058972957569 -3875.8199557070638548 1591.6667890255707789 2834.2691972712227653 5295
322000000 304.86303937316620249 4542.7853193737601032 584.20842713978686334 -3834.1037550099708824 1547.6255971348502953 2870.6865850149069956 5295
323000000 313.11826546642248559 4665.7970166318591509 591.41139339640653816 -3913.9350649424027324 1607.7170958780093315 2897.6293624608006212 5295
324000000 311.3459907672212239 4639.3882282723952812 502.48825806065298138 -3925.7550269269536329 1545.9205805933552256 2882.3227043942515593 5295
325000000 309.54189475553619104 4612.5052683259391415 439.59444403983792427 -3964.2489769262911068 1544.1598893432812929 2859.6835316228475676 5295
326000000 311.50586695398766324 4641.7705544331956844 489.61209588711301421 -3912.6115402458935932 1492.9827140409438471 2909.2409220920626467 5295
327000000 306.41614255392164523 4565.9282177176046389 581.0233108360633878 -3863.4614663673128234 1555.7226193847886861 2888.762157818587184 5295
328000000 313.46855133671584781 4671.0166507089343213 657.78358728276555212 -3783.6099865648361629 1563.2864892065517779 2878.1070846410498234 5295
329000000 311.75497525214672123 4645.4825344821319959 562.29761048134332668 -3883.9768755671784675 1617.2795242485503877 2828.9949617999718612 5295
330000000 311.80844368891808926 4646.2792713713079138 677.883725416414336 -3795.1565377375436583 1564.5620452250695962 2908.4782179288886255 5295
331000000 308.09588059430149087 4590.9581108982301885 505.82045244784188753 -3940.8000729396962925 1572.7998008190641031 2873.8207245684743611 5294
332000000 311.78085698511620194 4645.8681999823365913 583.10026856267745643 -3888.4198207671247474 1550.1371599910198711 2921.3829293387825601 5294
333000000 308.73578030916524995 4600.4933009840187879 516.88688681217331577 -3858.7351398599494132 1573.7732404783400852 2801.8487861937828711 5294
334000000 314.20459360830568585 4681.9844677086330194 558.15926940466761152 -3824.6207513197705339 1571.5254572302671932 2811.2545634941711796 5293
335000000 310.02789675394785718 4619.7472178522257309 500.39867023601675555 -3914.4432408073857914 1560.1560629312989477 2854.6858481121034856 5293
336000000 306.75507470464663129 4570.9786692309889986 531.04701034269476168 -3866.3948057835036707 1557.0524143285203991 2840.389401797678147 5293
337000000 307.94528500158497764 4588.7140755138107124 540.97349753285266161 -3895.9202986694804167 1549.5256422714983273 2887.3681539308345236 5294
338000000 306.98425247246188974 4574.3936630632970264 586.73300372125027025 -3842.8347534157442169 1545.9228953112287854 2883.6448618257659291 5295
339000000 308.0436805173931134 4590.18027392744807 520.60366562428760062 -3909.5051537876324801 1534.4353417851052654 2895.673477626814929 5295
340000000 316.3192952896973793 4713.4957843078291262 579.11866276416265009 -3873.8405893217100129 1586.4496411021593758 2866.5096109837131735 5295
341000000 317.8753667646624308 4736.6829134098088616 492.65547985664727548 -3843.4805901678291775 1521.0426899023946135 2815.0933801220826354 5293
342000000 306.44722550699384556 4566.3913869597317898 590.81582058001151836 -3852.8738874162049797 1541.6523941362679579 2902.0373138599488811 5293
343000000 309.27775354727259582 4608.569281839651012 524.38048150989504848 -3864.0803658854833884 1507.8030620465328866 2880.6577853488452092 5294
344000000 310.56051108681492678 4627.6837410109910707 586.01039111525960834 -3852.2623904506158397 1578.1494564354445629 2860.1233251304306577 5294
345000000 310.19177484466229089 4622.1891766616481618 486.21826539458595562 -3901.1050486506183006 1549.3766109654256979 2837.946703079778672 5294
346000000 312.37286602428122251 4654.6897677840124743 574.41348012325602213 -3854.7921904907975659 1576.5184987092541178 2852.6871719047994702 5294
347000000 311.03974906990043792 4634.8248994752093495 468.33437645062338106 -3976.9665971229187562 1577.1354704876548567 2868.1655030858873943 5295
348000000 308.39121118471092586 4595.3588525336626844 539.2744623633827814 -3897.0361536502850868 1564.0452479184746153 2872.2653680951934803 5295
349000000 308.87643868557029236 4602.5892612181414734 501.6044887291179748 -3873.2977118148291993 1501.3127648895610946 2873.5894356543858521 5295
350000000 309.97337279494115592 4618.9347525529265113 487.29064082843024153 -3911.0536965889091334 1507.4284814043708138 2890.9158560129681064 5294
351000000 308.31015580415851218 4594.1510406795696326 639.15488659138782168 -3850.0514312571540358 1577.3510987490303705 2911.855219099511487 5294
352000000 311.30053973977561554 4638.7109593563109229 561.56071321881915992 -3871.4145913115480653 1567.1049734811231247 2865.8703310492442142 5295
353000000 309.12556823043178156 4606.3015578656659272 555.00187306799580256 -3862.3379075669049598 1541.8999832864014934 2875.4397973484988142 5294
354000000 308.31918007520243918 4594.2855119690402717 504.17339971842676505 -3913.4315329988339727 1540.485958538974046 2877.1189741782868623 5293
355000000 313.54233309179022626 4672.1160777646991846 473.25983299514058444 -3897.7154732607973529 1526.3395637229950808 2844.6357425329429134 5292
356000000 305.37993824541081267 4550.4876653625087783 612.15538576652511438 -3847.4745041353780834 1587.3118281527476938 2872.3180617491561861 5294
357000000 304.71051859537874407 4540.5125966729146967 577.40723536920904735 -3875.0591508580014306 1555.8666387983848836 2896.5997474288260491 5294
358000000 314.70514439360840697 4689.4432097186499959 499.0993944546523835 -3882.115734282197991 1510.7004783994848367 2870.5146503373662199 5292
359000000 310.74625445297527904 4630.4515158081567279 473.3538759998924661 -3936.221865161270216 1545.8358903036817082 2863.7398508574810876 5292
360000000 306.4152573110686717 4565.9150266523811297 592.67698461659676923 -3824.3512658570825806 1628.0167371669194836 2789.0115133067602073 5291
361000000 307.08789643834091976 4575.9380689958925359 571.63027239213442954 -3831.7290352800118853 1571.9741186395012846 2831.385189032645485 5292
362000000 299.58292406924897477 4464.1059545791467826 449.73791103446762918 -3849.7681133657533792 1556.5134206770176206 2742.9926037232035014 5293
363000000 302.12210135966603275 4501.9424117039961857 514.71082607559912958 -3889.9872568444698118 1549.7252051354168998 2854.9728777846517005 5293
364000000 315.64491119452156909 4703.4467400764169724 562.29523562836652673 -3850.8209860271590514 1523.6598901050451786 2889.4563315504801722 5294
365000000 307.46850238439969871 4581.6095046273721891 557.77387652244760829 -3869.3887044665270878 1508.7426415595300568 2918.4199394294446392 5294
366000000 311.52530669018329945 4642.0602272921414624 562.55925964693460628 -3875.1411160388961434 1570.1689019042869404 2867.5314737815438093 5294
367000000 304.32307629095663515 4534.7392919907460964 592.56822092619154319 -3788.4058474157382079 1565.882626445155438 2815.0914418967745405 5295
368000000 311.36892937336267551 4639.7300380353644869 567.99547986434663471 -3810.7221682752342531 1541.41804461092579 2837.2996035286550978 5294
369000000 309.95168874193268493 4618.6116369733072133 532.95528325270652203 -3815.346915009859913 1544.7156351381333934 2803.586563124433269 5294
370000000 310.73200806005036156 4630.2392293179136686 550.55994396800633695 -3893.2095906348158678 1551.4538044403204822 2892.3157301625014952 5295
371000000 309.78497026797896297 4616.1273534160009149 561.38200453114313859 -3856.2139820226175289 1525.4600811073642035 2892.135905446396464 5294
372000000 312.98907343786788715 4663.871917243279313 487.8204940302587147 -3848.6832937313097318 1529.9284996087926629 2806.575288152776011 5293
373000000 311.62290453734499351 4643.5145395898871357 632.97910515726630365 -3810.6886635623413895 1586.723987462556579 2856.9437812570513415 5293
374000000 315.05116395233977755 4694.5992711908875208 616.14646855264481928 -3729.7015295517371669 1513.805748262318275 2832.0422498420639386 5293
375000000 311.97331552363414175 4648.7360380291038382 651.97757079492566845 -3788.2569778088500243 1578.3130877937742298 2861.9214608100010082 5293
376000000 309.47329420967326996 4611.4830468284171729 513.91863083204498253 -3826.3131200748521223 1503.3384812714475629 2836.893269635449542 5293
377000000 306.47043076725299215 4566.737170154226078 619.1890155525601358 -3810.3120748428909792 1542.6524369373003083 2886.848653458150693 5293
378000000 312.13847893148272306 4651.1971494383942627 530.99098650439680114 -3936.5068006287588105 1604.0279568782616479 2863.4698302548936226 5292
379000000 312.21816856156800668 4652.3846101499384531 529.34668626266807223 -3926.5033259749570789 1556.4987960766793549 2899.3512161609460236 5292
380000000 305.26432376326965823 4548.7648859358596383 579.05480615450710502 -3866.1514618999331105 1573.8854319956167274 2871.3208360588232608 5292
381000000 309.15524851581341181 4606.7438258591346312 488.7188392422900165 -3906.0674925535404327 1590.7630179206139474 2804.023313875216445 5292
382000000 308.1658582012800025 4592.0008520790588591 565.70574513149870199 -3874.7719882500218773 1565.109972850829763 2875.3677605306911573 5293
383000000 308.09926281265728676 4591.0085095688109504 714.48636917468411411 -3793.3502032394367234 1584.6776562995999029 2923.1589161145202524 5294
384000000 315.76520613737108079 4705.239263373092399 406.98938239475234013 -3954.0895234251870534 1535.5024594809297014 2825.5764463390096353 5294
385000000 306.09053959438489301 4561.0763854076940333 556.25952491115674547 -3930.7340606978427786 1627.342107416573981 2859.651478192425202 5294
386000000 314.39047354985223137 4684.7542776251120813 531.5190352230517874 -3848.6077624074109735 1558.4852567138523227 2821.6415409166102108 5295
387000000 312.27120755235125671 4653.1749478346246178 558.13416267970683293 -3848.1983801524584123 1572.8578633901361172 2833.4746794420284459 5294
388000000 312.35648105626978577 4654.4456142379031007 499.00121483267992062 -3892.3328332047858567 1570.5645648987904224 2820.7694831386752412 5294
389000000 318.13484927074892994 4740.5494802514558614 467.15105348476640756 -3967.8510317611608116 1550.8759623586006455 2884.126122887326801 5294
390000000 313.7081609575868697 4674.5870903080131029 586.18905498062247261 -3906.3113788111340909 1574.2779386949755462 2918.222495096781131 5294
391000000 314.14184979061019476 4681.0495177242246427 667.10043922058946464 -3794.5938800600833929 1576.6270981239185858 2885.0672211567543854 5293
392000000 309.97581310419360534 4618.9711157705523874 561.13451306549700348 -3869.3523204244174849 1538.9465931329264095 2891.5402403569887611 5295
393000000 307.38389199479155423 4580.3487193364799168 487.16607286161934098 -3928.6360926098768687 1546.7915034625955286 2869.0106620089004537 5294
394000000 317.46836873792176448 4730.6182075514234384 583.44989673776160544 -3863.0724390836494422 1596.3426625098882141 2850.1796733115229472 5293
395000000 309.99872329879440258 4619.3125021711812224 540.10729708591998133 -3928.0046709090570403 1618.5456071427233837 2849.5663608522536379 5294
396000000 306.94328427427217321 4573.7831930972424743 544.75128405646125884 -3884.941948066319128 1507.7675801593475171 2921.9256519634332108 5295
397000000 310.30903429446175323 4623.936467865600207 559.36826989905034679 -3873.2401476449504116 1579.5217036441395067 2853.0867138998605697 5295
398000000 306.4125258541138237 4565.8743250226243617 580.20043982855384002 -3857.1752787863438243 1595.1554117487880831 2842.2203068661101497 5295
399000000 306.36050774267368979 4565.0991995319200214 674.68518393082320017 -3756.0612038464732905 1587.2466533438464467 2843.4997344334501577 5294
400000000 314.00116114182191041 4678.9531063992180862 732.79947070059688485 -3722.8208378761059976 1533.8706396154072991 2921.749668961295356 5294
