# Steps Temp KinEng PotEng Epair Ebond Eangle Bonds
301000000 308.73733065782784024 4600.5164028370963933 589.29260424923688788 -3807.4529013384744758 1577.3625524475010025 2819.3829531402107023 5293
302000000 313.60538081980621428 4673.0555563378957231 680.89562367742962579 -3850.9699442532250941 1627.1054884741702153 2904.760079456485073 5294
303000000 311.3107773683136088 4638.863510970056268 587.45457822179628238 -3869.0316024005305735 1565.4852784381514539 2891.0009021841751746 5295
304000000 318.4110515965961099 4744.6651902883804723 582.46083298571136311 -3845.2538471181092063 1581.4652045131499563 2846.2494755906709543 5295
305000000 314.93377156840460884 4692.8499991261478499 637.72898406529407112 -3832.3616889795112002 1557.5274023136739743 2912.5632707311315244 5295
306000000 308.4849090700540728 4596.7550512295374574 544.00080494116446062 -3916.2317036420809018 1555.7805430233047446 2904.4519655599406178 5294
307000000 307.06276187504960262 4575.5635371229454904 603.73661366183455357 -3864.6520897937061818 1576.0414706728329293 2892.3472327827080335 5295
308000000 310.04743467201404883 4620.03835372604226 546.74136088553973423 -3921.694191257350667 1573.2273870875385455 2895.2081650553527652 5295
309000000 309.93587188372458741 4618.3759488708265053 579.3452575224582688 -3845.7098841850083772 1595.7593353580959956 2829.2958063493701957 5295
310000000 313.98375232709094007 4678.6936964420447111 605.81493447578668565 -3813.1981640973576759 1575.9713403096984621 2843.0417582634458995 5296
311000000 313.390601917712047 4669.8551210035548138 651.49549621658979959 -3726.4186756004155541 1504.2372620540954813 2873.6769097629103271 5296
312000000 308.27633069863992432 4593.64701043342302 559.08826258007502474 -3855.4729397723026523 1562.2779113819074155 2852.2832909704702615 5295
313000000 308.70146364128481764 4599.9819459329855817 527.63271858194752895 -3955.7939891118339801 1584.7803230050890306 2898.6463846886927058 5295
314000000 306.29009484483111692 4564.0499720517000242 548.31137816769910387 -3923.2507153541187108 1613.4851361811249717 2858.076957340692843 5296
315000000 312.62619310858690369 4658.4646122582716998 581.51631110691960203 -3830.4561710769253295 1559.3075895642966771 2852.6648926195475724 5296
316000000 315.57459665859488496 4702.3989782939352153 599.47825951176355375 -3872.1895624786175176 1544.909966137217225 2926.7578558531640738 5295
317000000 308.87938772937724252 4602.6332051246899937 551.12408660889150269 -3905.2038938033551858 1614.5172369230026561 2841.8107434892444871 5293
318000000 314.44741607578498588 4685.6027821581219541 524.25286730431207616 -3884.0025061120027203 1556.6915046341168818 2851.5638687821983694 5295
319000000 307.86682486987996299 4587.544935643007193 585.39893589571988741 -3834.61945074172354 1593.9201478363704609 2826.0982388010734212 5295
320000000 309.99424755452452018 4619.2458087950199115 688.19093876484612338 -3804.9720970935045443 1589.0715502773093704 2904.0914855810406152 5295
321000000 315.12735230505131767 4695.7345591251569203 464.15492442476215729 -3852.0009103518386837 1502.2554267125340175 2813.9004080640670509 5294
322000000 307.33800404672996365 4579.6649398359568295 496.40270695871151929 -3913.690158013313976 1523.7920822148694242 2886.3007827571564121 5294
323000000 309.29853177798366914 4608.8788996983166726 550.42199806049154631 -3857.010447790555645 1577.1149068582753898 2830.3175389927719152 5294
324000000 305.86549323726472949 4557.7229540130383612 538.16778297517873852 -3849.9075822352670002 1589.1205777026248143 2798.9547875078210382 5294
325000000 316.44617918805528234 4715.3864900880726054 609.78546337673958533 -3894.904147528647627 1583.3548758850583908 2921.3347350203289352 5295
326000000 307.45631699282449745 4581.4279292613573489 527.32122610976341548 -3849.6590589984680264 1524.1868317776757067 2852.7934533305556215 5295
327000000 307.93707697036143145 4588.5917670705839555 528.59514244631122892 -3940.5872434198527117 1550.2539126658266468 2918.9284732003370664 5294
328000000 314.67059218744532245 4688.9283448953110565 665.86268264898899361 -3856.0844686872305829 1618.5432101693681943 2903.4039411668518369 5294
329000000 313.59632909739428897 4672.9206759936851086 581.78312394982708611 -3900.6821580779819669 1590.4336406942607027 2892.0316413335485777 5293
330000000 308.76301541968393849 4600.899133257063113 557.4799742323987175 -3844.0893150775359572 1508.206845045720911 2893.3624442642135364 5293
331000000 310.14972348698449878 4621.5625664608469378 490.43976387940898576 -3901.2594554189181508 1562.0484030335740044 2829.6508162647533027 5294
332000000 309.63292980471453575 4613.8617879152152454 491.90529258803076118 -3943.1106632408909718 1564.4901388982411845 2870.5258169306807758 5294
333000000 310.94296264922837736 4633.3826782999312854 552.19108409298974038 -3831.9281669343076828 1540.6457673129543764 2843.4734837143428194 5293
334000000 310.70258545318978349 4629.8008010099792955 546.67792215912936626 -3884.0122837173339576 1555.3557516366720392 2875.3344542397908299 5294
335000000 310.38548840759744962 4625.0757159144050092 571.2882221274363701 -3933.4605912668293968 1606.6174581072154979 2898.1313552870506101 5294
336000000 306.02053725814039353 4560.0332757343558114 469.672340647553483 -3910.0213030226154842 1512.1797681251805443 2867.5138755449879682 5294
337000000 307.54727129457614865 4582.7832456276200901 462.45355422714590077 -3923.2721178942392726 1556.2273496102047829 2829.4983225111800493 5294
338000000 302.96600523852856668 4514.5174820035699668 572.92947226251453685 -3842.0277926125681915 1572.2894163101809681 2842.6678485649017603 5294
339000000 312.59181522206841919 4657.9523449840608009 639.41341262771618403 -3750.6456024707690631 1525.5871915661662115 2864.4718235323189219 5292
340000000 309.5228357650127009 4612.2212689846937792 502.40482410039476235 -3895.5434675091573808 1558.0706339651337657 2839.8776576444179227 5291
341000000 313.64638323525451824 4673.6665361776967984 539.31147751543198865 -3839.965813582175997 1594.0876461635025407 2785.1896449341056723 5291
342000000 312.58176299792938835 4657.8025560941396179 576.63087710695674559 -3842.1626413358926584 1580.3992819143240922 2838.3942365285251981 5291
343000000 311.01728893637834972 4634.49021946596622 578.20486702027017145 -3896.7509055444588739 1608.8441098816465455 2866.1116626830826135 5292
344000000 309.40014629820984737 4610.3930647203142144 646.01576404806826304 -3797.5146022435287705 1544.1713693392193818 2899.3589969523782202 5293
345000000 313.57891909045133616 4672.6612482712780547 640.284483966924995 -3911.4897427692171732 1637.474226067562995 2914.3000006685788321 5293
346000000 305.64784390294971672 4554.4797461688522162 551.45304602144415185 -3861.8780144956485856 1559.7498007598471759 2853.5812597572453342 5292
347000000 310.17456835627359624 4621.9327815833503337 520.4801564179504112 -3980.5355506639548366 1574.0350061293638646 2926.9807009525411559 5293
348000000 307.05411274698985835 4575.4346558651322994 565.61321482738742361 -3813.2715123416414826 1584.798078757262374 2794.0866484117664186 5294
349000000 307.20082079053025836 4577.6207626093273575 431.51302078016351516 -3919.6909528169326222 1520.3477248026424604 2830.856248794453677 5294
350000000 302.45059709878648846 4506.8373495233572612 556.50467243590765065 -3765.9158473330790002 1502.484306677549057 2819.9362130914373665 5295
351000000 311.8551194406201148 4646.9747899885815059 696.30431521071398038 -3764.4887555035511468 1551.1175350332464404 2909.6755356810185731 5295
352000000 307.59261585873781542 4583.4589281269172716 545.58228111575533603 -3929.5954558941220967 1576.1690947440456512 2899.0086422658318952 5296
353000000 309.2741369809372145 4608.5153911335537487 560.20580858861887918 -3873.7852729558794636 1533.9161959372804631 2900.0748856072182207 5296
354000000 308.65820334009657699 4599.3373211809857821 628.76012617265928384 -3888.1988340617799622 1619.7761987225999292 2897.1827615118390895 5296
355000000 308.3150146907428848 4594.2234432859640947 526.18730374034498709 -3923.0041479208193778 1542.9577675416933289 2906.233684119471036 5297
356000000 304.61449526958330125 4539.0817464273814039 498.72543713083257444 -3826.8869389269839303 1548.8945544345672261 2776.717821623249165 5297
357000000 314.12647595706602033 4680.820431163025205 506.32770325488957042 -3917.341728776716991 1549.9378614781005581 2873.7315705535056622 5297
358000000 302.40474894554671437 4506.1541630082383563 450.72352508786855196 -3898.3381651672698354 1527.2620891365045281 2821.7996011186342002 5296
359000000 314.92549495217639333 4692.7266686930033757 479.2432281532342131 -3893.8494183767393224 1527.674740489418582 2845.417906040554044 5297
360000000 313.67829114469356 4674.1419981519320572 560.62070323414684481 -3853.8270549400986056 1559.2803025418816105 2855.1674556323641809 5297
361000000 308.2138245816126414 4592.715602443177886 573.3410436344381651 -3876.5898446246269486 1552.8368466121801248 2897.0940416468856711 5297
362000000 311.51127615940959004 4641.8511573788027817 647.15223129977312055 -3840.1797163855749204 1611.464004016410172 2875.8679436689371869 5297
363000000 307.76168023998462786 4585.9781682116981756 615.65031389795899486 -3837.7663170947635081 1580.7884329179742053 2872.6281980747480702 5297
364000000 304.13393122065440366 4531.9208281639484994 512.87120785557476665 -3876.6505709129419301 1526.1930219579942332 2863.3287568105224636 5297
365000000 310.47435011296073526 4626.3998503565762803 561.02897408396495393 -3872.7573291762018926 1586.2897840641421681 2847.4965191960245647 5297
366000000 305.96567976665085098 4559.2158404443689506 460.71940431971518137 -3869.2015848239307161 1517.6987245796265142 2812.2222645640194969 5297
367000000 308.13516047830006528 4591.5434231772860585 603.3956299565666086 -3815.6940303731130371 1567.4199809280730733 2851.6696794016065724 5296
368000000 310.71456304845708019 4629.9792799887809451 534.16358660591743046 -3901.6619197706004343 1566.7197138919498229 2869.1057924845681555 5297
369000000 307.46509633190248678 4581.558750802594659 592.53206470249051563 -3763.5519630156404673 1555.3551918008304256 2800.7288359173007848 5297
370000000 311.24979030413288683 4637.9547384917605086 607.37145170938549654 -3839.2568895990143574 1582.7722206887306129 2863.8561206196691273 5297
371000000 308.29169059981666123 4593.8758893874482965 592.96354971672667489 -3925.5710433054373425 1589.611351604731226 2928.9232414174321093 5297
372000000 308.86661285671573296 4602.4428458600741578 601.88791339491092458 -3840.6289032591475916 1552.2041574111808586 2890.3126592428779986 5296
373000000 311.44608597821235207 4640.8797539619799863 650.97054888588388621 -3845.7765545819206636 1607.1518216283629954 2889.5952818394425776 5297
374000000 313.36681862235968765 4669.500724467998225 417.80658019750200083 -3964.016788366640867 1551.9433678695959316 2829.8800006945466521 5296
375000000 310.53835299651609603 4627.3535617687912236 503.48890962053309295 -3836.5333359835458396 1505.0407117388131155 2834.9815338652661012 5295
376000000 310.16934729150813155 4621.8549821347296529 536.6370208605139851 -3870.0593652387196926 1540.3035084187956727 2866.3928776804382323 5296
377000000 309.39191272076288897 4610.2703756110377071 537.18245063707809095 -3844.0906753781387124 1568.9542270597426068 2812.3188989554737418 5294
378000000 317.00114831107924829 4723.6561235272802151 615.97466591169893491 -3817.514163573829137 1556.4770103299651964 2877.0118191555629892 5295
379000000 312.4308098809058265 4655.5531932151943693 566.94017940947276202 -3778.3408877302908877 1546.8612282753742875 2798.4198388643899307 5295
380000000 309.65712616410417013 4614.2223395466744478 433.34172836331191547 -3901.6975478525209837 1540.7199030190422491 2794.3193731967903659 5295
381000000 307.89748360287654805 4588.0017835523294707 569.82765686555285356 -3852.8521020692433012 1537.6441279062717058 2885.0356310285242216 5295
382000000 313.47274364730617435 4671.0791206201547539 566.77296124152280754 -3861.2684654684139787 1594.6595886748175417 2833.3818380351185624 5294
383000000 313.61987830146654233 4673.2715843188207145 600.25960544382655826 -3811.10226954654172 1539.9941353595163491 2871.3677396308521566 5294
384000000 310.16942805639189373 4621.8561856178712333 555.50670998225200492 -3796.3131690587952107 1533.7030246166968936 2818.1168544243500946 5293
385000000 311.5681386953378933 4642.6984699752019878 532.09524508650349617 -3872.2828172278541388 1560.0372431327957656 2844.3408191815615282 5293
386000000 307.49237002982494005 4581.9651580692216157 648.93391869981689979 -3815.3912557688108791 1580.1440692893693267 2884.1811051792583385 5294
387000000 319.64317507063549328 4763.025147733634185 630.9797394160713111 -3819.0096340334621345 1590.0501057759233845 2859.9392676736097201 5295
388000000 307.35998570291002352 4579.9924900211017302 634.18163087675134193 -3810.160530683932393 1565.3711093447991516 2878.9710522158839012 5294
389000000 308.67727518548610988 4599.6215120734832453 541.44951340452701061 -3816.9572528795201833 1494.5207552822532762 2863.8860110017935767 5294
390000000 312.05420960025998056 4649.941446282186007 577.74759679573708127 -3818.0059122106767973 1536.6688193866925758 2859.0846896197217575 5294
391000000 306.88165006100979326 4572.8647774055425543 556.17906236068199632 -3877.7904715893159846 1570.9292925906293021 2863.0402413593683377 5294
392000000 310.80002061680062297 4631.2526891488378169 574.85521288481800184 -3929.4343229909964066 1567.6856209319844311 2936.6039149438302047 5294
393000000 308.99521187217675333 4604.3591087193681233 631.4291270739133779 -3818.1172202165275849 1536.1672650769935444 2913.3790822134469636 5294
394000000 317.38857342494088698 4729.429172051713067 486.90337764538855936 -3869.7137054749009621 1504.7721381966020999 2851.8449449236877626 5294
395000000 311.93519044560542852 4648.1679335939943485 566.81156476805131206 -3894.0089362010803598 1590.9320012727489484 2869.8884996963829508 5294
396000000 315.18433374875758091 4696.5836435746132338 588.27597571412343314 -3824.2243886769474557 1538.0974632010829737 2874.4029011899874604 5294
397000000 312.40816425650177734 4655.2157491934385689 558.1225179971503394 -3878.4999979608055583 1591.5332526370591495 2845.0892633208968618 5294
398000000 306.33190365420404078 4564.6729680233675026 614.87783530085891925 -3854.6206708447907658 1604.5499802966960488 2864.9485258489539774 5293
399000000 302.24446200471135171 4503.7657161725328478 577.73898090524130566 -3832.4937396452978646 1495.746501330924275 2914.4862192196142132 5294
400000000 308.78308490939957665 4601.1981901169401681 625.22708780630387082 -3764.1108775895681902 1554.5247992954423353 2834.8131661004290436 5293
