4.541e+02
4.570e+02
4.508e+02
4.535e+02
4.557e+02
4.545e+02
4.542e+02
4.533e+02
4.561e+02
4.535e+02
4.543e+02
4.555e+02
4.565e+02
4.525e+02
4.536e+02
4.529e+02
4.560e+02
4.551e+02
4.591e+02
4.556e+02
4.549e+02
4.548e+02
4.541e+02
4.526e+02
4.556e+02
4.547e+02
4.567e+02
4.556e+02
4.549e+02
4.547e+02
4.542e+02
4.559e+02
4.556e+02
4.538e+02
4.540e+02
4.542e+02
4.545e+02
4.526e+02
4.556e+02
4.544e+02
4.538e+02
4.547e+02
4.547e+02
4.540e+02
4.528e+02
4.574e+02
4.554e+02
4.528e+02
4.551e+02
4.552e+02
4.534e+02
4.546e+02
4.539e+02
4.548e+02
4.559e+02
4.556e+02
4.565e+02
4.532e+02
4.530e+02
4.555e+02
4.540e+02
4.538e+02
4.553e+02
4.502e+02
4.543e+02
4.552e+02
4.570e+02
4.553e+02
4.549e+02
4.555e+02
4.576e+02
4.580e+02
4.544e+02
4.567e+02
4.554e+02
4.535e+02
4.562e+02
4.559e+02
4.540e+02
4.527e+02
4.566e+02
4.561e+02
4.540e+02
4.547e+02
4.569e+02
4.552e+02
4.571e+02
4.545e+02
4.557e+02
4.587e+02
4.561e+02
4.557e+02
4.555e+02
4.548e+02
4.560e+02
4.572e+02
4.569e+02
4.574e+02
4.557e+02
4.546e+02
