# Fix print output for fix saveBond
301000000 3169 3164
302000000 6236 6224
303000000 9414 9413
304000000 12553 12557
305000000 15739 15742
306000000 18862 18856
307000000 22036 22031
308000000 25272 25265
309000000 28268 28267
310000000 31345 31348
311000000 34577 34577
312000000 37640 37641
313000000 40721 40721
314000000 43697 43696
315000000 46731 46733
316000000 49882 49880
317000000 53098 53093
318000000 56228 56232
319000000 59464 59449
320000000 62613 62605
321000000 65687 65672
322000000 68843 68845
323000000 72139 72133
324000000 75239 75233
325000000 78360 78346
326000000 81662 81657
327000000 84718 84719
328000000 87788 87790
329000000 90841 90840
330000000 93943 93940
331000000 96978 96969
332000000 100137 100131
333000000 103240 103238
334000000 106373 106371
335000000 109366 109365
336000000 112521 112514
337000000 115639 115632
338000000 118674 118669
339000000 121849 121851
340000000 124881 124876
341000000 127992 127985
342000000 131014 131011
343000000 134135 134128
344000000 137157 137146
345000000 140285 140287
346000000 143483 143480
347000000 146571 146572
348000000 149612 149607
349000000 152749 152746
350000000 155884 155881
351000000 159068 159068
352000000 162239 162237
353000000 165380 165371
354000000 168372 168368
355000000 171578 171570
356000000 174700 174693
357000000 177828 177817
358000000 180982 180974
359000000 184092 184093
360000000 187237 187238
361000000 190422 190421
362000000 193636 193639
363000000 196730 196733
364000000 199762 199769
365000000 202818 202812
366000000 205891 205882
367000000 208976 208971
368000000 212109 212110
369000000 215200 215194
370000000 218423 218411
371000000 221638 221632
372000000 224743 224735
373000000 227882 227883
374000000 231000 230998
375000000 234220 234207
376000000 237369 237361
377000000 240447 240445
378000000 243478 243471
379000000 246607 246606
380000000 249767 249774
381000000 252827 252823
382000000 255918 255916
383000000 259059 259054
384000000 262190 262191
385000000 265288 265282
386000000 268388 268386
387000000 271612 271606
388000000 274756 274759
389000000 277790 277786
390000000 280911 280909
391000000 283969 283974
392000000 287070 287070
393000000 290141 290143
394000000 293244 293249
395000000 296298 296294
396000000 299409 299407
397000000 302600 302592
398000000 305641 305647
399000000 308722 308719
400000000 311807 311793
