# Fix print output for fix saveBond
301000000 3127 3127
302000000 6165 6160
303000000 9318 9316
304000000 12357 12350
305000000 15533 15528
306000000 18599 18600
307000000 21746 21746
308000000 24776 24780
309000000 27884 27876
310000000 31044 31048
311000000 34166 34161
312000000 37271 37266
313000000 40373 40362
314000000 43550 43546
315000000 46556 46551
316000000 49673 49670
317000000 52858 52851
318000000 55983 55975
319000000 59087 59078
320000000 62094 62087
321000000 65225 65218
322000000 68360 68351
323000000 71413 71410
324000000 74580 74586
325000000 77851 77854
326000000 80974 80973
327000000 84124 84121
328000000 87275 87266
329000000 90323 90327
330000000 93353 93359
331000000 96563 96560
332000000 99795 99789
333000000 102971 102974
334000000 106087 106081
335000000 109139 109135
336000000 112340 112331
337000000 115499 115509
338000000 118485 118488
339000000 121678 121671
340000000 124840 124840
341000000 128131 128130
342000000 131320 131319
343000000 134348 134342
344000000 137529 137535
345000000 140644 140636
346000000 143831 143825
347000000 146922 146917
348000000 150173 150173
349000000 153194 153193
350000000 156335 156327
351000000 159453 159454
352000000 162584 162581
353000000 165760 165759
354000000 168878 168875
355000000 171987 171985
356000000 175101 175101
357000000 178180 178173
358000000 181363 181353
359000000 184557 184553
360000000 187807 187801
361000000 191029 191020
362000000 194133 194130
363000000 197149 197142
364000000 200189 200190
365000000 203461 203456
366000000 206682 206683
367000000 209809 209804
368000000 212894 212893
369000000 216078 216080
370000000 219248 219240
371000000 222479 222475
372000000 225487 225476
373000000 228577 228577
374000000 231650 231647
375000000 234786 234778
376000000 237841 237834
377000000 240933 240927
378000000 244008 244004
379000000 247137 247135
380000000 250244 250245
381000000 253458 253445
382000000 256630 256624
383000000 259614 259611
384000000 262779 262769
385000000 265903 265890
386000000 268962 268959
387000000 272094 272092
388000000 275176 275168
389000000 278208 278202
390000000 281423 281412
391000000 284516 284509
392000000 287517 287511
393000000 290650 290643
394000000 293750 293742
395000000 296887 296883
396000000 300084 300080
397000000 303210 303202
398000000 306388 306382
399000000 309521 309518
400000000 312546 312553
