# Fix print output for fix saveBond
301000000 3081 3080
302000000 6261 6255
303000000 9454 9452
304000000 12458 12450
305000000 15552 15545
306000000 18756 18757
307000000 21857 21856
308000000 25076 25066
309000000 28187 28182
310000000 31368 31360
311000000 34489 34489
312000000 37660 37653
313000000 40847 40838
314000000 43958 43958
315000000 47101 47101
316000000 50175 50171
317000000 53279 53276
318000000 56386 56390
319000000 59461 59453
320000000 62538 62537
321000000 65715 65720
322000000 68796 68805
323000000 71862 71856
324000000 74970 74970
325000000 78081 78076
326000000 81331 81327
327000000 84469 84456
328000000 87590 87585
329000000 90814 90818
330000000 93960 93958
331000000 97126 97120
332000000 100207 100199
333000000 103322 103317
334000000 106437 106437
335000000 109629 109631
336000000 112833 112825
337000000 115987 115982
338000000 119133 119134
339000000 122321 122313
340000000 125431 125424
341000000 128511 128506
342000000 131637 131629
343000000 134818 134815
344000000 137911 137912
345000000 141011 141009
346000000 144162 144154
347000000 147326 147321
348000000 150381 150387
349000000 153428 153421
350000000 156575 156573
351000000 159669 159667
352000000 162707 162703
353000000 165821 165819
354000000 168988 168986
355000000 172076 172062
356000000 175231 175226
357000000 178405 178401
358000000 181569 181575
359000000 184663 184661
360000000 187738 187732
361000000 190931 190930
362000000 194206 194199
363000000 197400 197389
364000000 200632 200622
365000000 203848 203847
366000000 207083 207074
367000000 210327 210323
368000000 213512 213506
369000000 216617 216611
370000000 219815 219808
371000000 222952 222948
372000000 226093 226088
373000000 229205 229194
374000000 232320 232309
375000000 235518 235511
376000000 238699 238690
377000000 241938 241931
378000000 245167 245161
379000000 248202 248195
380000000 251247 251240
381000000 254320 254318
382000000 257484 257478
383000000 260634 260635
384000000 263686 263686
385000000 266772 266770
386000000 269952 269948
387000000 273014 273000
388000000 276161 276146
389000000 279326 279319
390000000 282526 282520
391000000 285596 285592
392000000 288667 288661
393000000 291849 291845
394000000 295085 295075
395000000 298145 298145
396000000 301293 301291
397000000 304468 304465
398000000 307610 307604
399000000 310790 310788
400000000 313897 313889
