# Fix print output for fix saveBond
301000000 3203 3202
302000000 6386 6385
303000000 9538 9537
304000000 12679 12676
305000000 15854 15845
306000000 18983 18977
307000000 22216 22215
308000000 25398 25398
309000000 28554 28550
310000000 31678 31669
311000000 34811 34803
312000000 37938 37935
313000000 41103 41103
314000000 44229 44235
315000000 47384 47388
316000000 50479 50480
317000000 53550 53544
318000000 56678 56675
319000000 59785 59783
320000000 62874 62863
321000000 66095 66088
322000000 69219 69211
323000000 72472 72464
324000000 75679 75676
325000000 78816 78807
326000000 81879 81872
327000000 84943 84936
328000000 88193 88187
329000000 91349 91338
330000000 94559 94547
331000000 97658 97653
332000000 100764 100766
333000000 103910 103901
334000000 107053 107046
335000000 110096 110093
336000000 113209 113206
337000000 116381 116373
338000000 119344 119341
339000000 122409 122404
340000000 125495 125487
341000000 128658 128658
342000000 131848 131840
343000000 135047 135042
344000000 138183 138179
345000000 141287 141284
346000000 144355 144346
347000000 147502 147497
348000000 150572 150570
349000000 153784 153781
350000000 156926 156924
351000000 160041 160043
352000000 163162 163158
353000000 166271 166265
354000000 169409 169410
355000000 172517 172513
356000000 175595 175590
357000000 178776 178762
358000000 181931 181923
359000000 185111 185109
360000000 188283 188275
361000000 191371 191368
362000000 194649 194647
363000000 197844 197837
364000000 200981 200985
365000000 204101 204104
366000000 207206 207206
367000000 210241 210233
368000000 213341 213341
369000000 216619 216609
370000000 219723 219711
371000000 222895 222883
372000000 225989 225974
373000000 229179 229175
374000000 232360 232348
375000000 235491 235488
376000000 238717 238725
377000000 241913 241908
378000000 245104 245094
379000000 248313 248310
380000000 251444 251435
381000000 254597 254588
382000000 257751 257742
383000000 260921 260920
384000000 264168 264161
385000000 267339 267328
386000000 270483 270469
387000000 273683 273667
388000000 276896 276883
389000000 279971 279961
390000000 283103 283100
391000000 286262 286257
392000000 289255 289257
393000000 292263 292252
394000000 295372 295364
395000000 298397 298391
396000000 301592 301578
397000000 304682 304675
398000000 307775 307766
399000000 310894 310890
400000000 314094 314086
