# Fix print output for fix saveBond
301000000 3103 3103
302000000 6218 6207
303000000 9259 9259
304000000 12477 12476
305000000 15606 15603
306000000 18775 18768
307000000 21833 21836
308000000 25013 25007
309000000 28186 28181
310000000 31224 31223
311000000 34391 34388
312000000 37535 37534
313000000 40580 40580
314000000 43615 43617
315000000 46801 46795
316000000 49926 49937
317000000 53145 53129
318000000 56300 56283
319000000 59546 59540
320000000 62648 62645
321000000 65613 65612
322000000 68605 68603
323000000 71698 71695
324000000 74873 74864
325000000 78058 78047
326000000 81350 81350
327000000 84374 84366
328000000 87573 87570
329000000 90688 90686
330000000 93825 93824
331000000 96926 96927
332000000 100088 100084
333000000 103207 103206
334000000 106380 106378
335000000 109494 109490
336000000 112738 112731
337000000 115879 115872
338000000 118958 118956
339000000 122111 122106
340000000 125339 125334
341000000 128533 128529
342000000 131680 131679
343000000 134825 134829
344000000 137917 137910
345000000 141094 141093
346000000 144190 144183
347000000 147324 147323
348000000 150505 150497
349000000 153729 153721
350000000 156920 156924
351000000 160087 160083
352000000 163234 163233
353000000 166408 166418
354000000 169533 169533
355000000 172663 172664
356000000 175825 175824
357000000 178923 178920
358000000 181989 181987
359000000 185068 185066
360000000 188145 188151
361000000 191297 191298
362000000 194364 194361
363000000 197420 197425
364000000 200371 200377
365000000 203477 203473
366000000 206535 206533
367000000 209721 209715
368000000 212856 212848
369000000 216014 216011
370000000 218972 218969
371000000 222105 222093
372000000 225316 225306
373000000 228372 228371
374000000 231468 231467
375000000 234654 234657
376000000 237680 237677
377000000 240714 240711
378000000 243847 243849
379000000 246941 246937
380000000 250062 250064
381000000 253154 253149
382000000 256388 256378
383000000 259457 259453
384000000 262610 262608
385000000 265827 265821
386000000 268914 268914
387000000 271997 271987
388000000 275187 275187
389000000 278372 278367
390000000 281554 281549
391000000 284850 284844
392000000 288037 288031
393000000 291162 291161
394000000 294215 294221
395000000 297383 297381
396000000 300491 300489
397000000 303552 303547
398000000 306669 306666
399000000 309840 309841
400000000 313091 313094
