# Fix print output for fix saveBond
301000000 3145 3144
302000000 6340 6333
303000000 9420 9430
304000000 12530 12528
305000000 15658 15650
306000000 18755 18750
307000000 21844 21841
308000000 25043 25042
309000000 28128 28117
310000000 31264 31261
311000000 34350 34346
312000000 37470 37464
313000000 40526 40530
314000000 43748 43746
315000000 46991 46991
316000000 50079 50072
317000000 53174 53170
318000000 56252 56251
319000000 59453 59441
320000000 62540 62537
321000000 65693 65690
322000000 68849 68844
323000000 72008 72008
324000000 75144 75145
325000000 78270 78272
326000000 81331 81325
327000000 84457 84447
328000000 87490 87486
329000000 90527 90525
330000000 93747 93742
331000000 96940 96932
332000000 100027 100019
333000000 103224 103215
334000000 106396 106393
335000000 109620 109611
336000000 112678 112670
337000000 115891 115888
338000000 118981 118981
339000000 122092 122088
340000000 125216 125219
341000000 128348 128346
342000000 131335 131325
343000000 134430 134427
344000000 137559 137562
345000000 140610 140609
346000000 143720 143712
347000000 146943 146934
348000000 150084 150085
349000000 153174 153171
350000000 156368 156363
351000000 159452 159452
352000000 162630 162628
353000000 165757 165751
354000000 168889 168881
355000000 172062 172057
356000000 175154 175146
357000000 178208 178210
358000000 181302 181299
359000000 184362 184351
360000000 187482 187474
361000000 190639 190634
362000000 193766 193761
363000000 196851 196848
364000000 199915 199911
365000000 203091 203084
366000000 206296 206294
367000000 209458 209451
368000000 212571 212567
369000000 215638 215644
370000000 218732 218732
371000000 221933 221924
372000000 225034 225028
373000000 228134 228131
374000000 231285 231284
375000000 234456 234450
376000000 237585 237581
377000000 240783 240773
378000000 244000 243994
379000000 247072 247067
380000000 250199 250196
381000000 253330 253333
382000000 256481 256478
383000000 259719 259716
384000000 262832 262824
385000000 265952 265946
386000000 269154 269145
387000000 272176 272167
388000000 275296 275287
389000000 278550 278535
390000000 281702 281691
391000000 284903 284890
392000000 288117 288110
393000000 291257 291250
394000000 294441 294439
395000000 297525 297518
396000000 300621 300608
397000000 303667 303657
398000000 306849 306832
399000000 309913 309908
400000000 312999 312996
