# Fix print output for fix saveBond
301000000 3078 3074
302000000 6220 6213
303000000 9362 9352
304000000 12550 12546
305000000 15660 15658
306000000 18797 18798
307000000 21983 21976
308000000 25056 25055
309000000 28115 28108
310000000 31146 31145
311000000 34203 34203
312000000 37419 37411
313000000 40671 40660
314000000 43766 43766
315000000 46890 46886
316000000 50018 50009
317000000 53097 53092
318000000 56165 56172
319000000 59368 59358
320000000 62368 62367
321000000 65397 65396
322000000 68544 68548
323000000 71616 71620
324000000 74768 74775
325000000 77748 77747
326000000 80885 80882
327000000 84041 84028
328000000 87092 87083
329000000 90231 90225
330000000 93449 93437
331000000 96612 96613
332000000 99721 99719
333000000 102853 102853
334000000 105935 105940
335000000 108970 108970
336000000 112079 112084
337000000 115186 115188
338000000 118262 118263
339000000 121337 121335
340000000 124398 124397
341000000 127489 127490
342000000 130648 130650
343000000 133672 133673
344000000 136816 136817
345000000 139902 139906
346000000 143036 143037
347000000 146173 146171
348000000 149346 149347
349000000 152460 152458
350000000 155566 155562
351000000 158526 158526
352000000 161621 161615
353000000 164749 164748
354000000 167820 167818
355000000 170990 170982
356000000 174130 174119
357000000 177327 177322
358000000 180390 180398
359000000 183451 183452
360000000 186486 186486
361000000 189538 189538
362000000 192642 192641
363000000 195752 195750
364000000 198941 198943
365000000 202101 202100
366000000 205378 205372
367000000 208578 208568
368000000 211696 211693
369000000 214836 214834
370000000 217794 217797
371000000 220866 220862
372000000 223943 223938
373000000 227026 227019
374000000 230145 230135
375000000 233343 233342
376000000 236525 236518
377000000 239703 239695
378000000 242860 242858
379000000 245924 245924
380000000 249034 249037
381000000 252138 252132
382000000 255287 255279
383000000 258411 258407
384000000 261548 261544
385000000 264466 264460
386000000 267495 267499
387000000 270627 270626
388000000 273779 273784
389000000 276883 276886
390000000 280140 280130
391000000 283264 283263
392000000 286474 286462
393000000 289570 289570
394000000 292814 292812
395000000 295876 295871
396000000 299001 298999
397000000 302093 302092
398000000 305220 305211
399000000 308331 308328
400000000 311354 311355
