# Fix print output for fix saveBond
301000000 3099 3093
302000000 6218 6219
303000000 9337 9336
304000000 12591 12597
305000000 15656 15650
306000000 18917 18909
307000000 22068 22067
308000000 25172 25178
309000000 28328 28321
310000000 31433 31429
311000000 34607 34596
312000000 37786 37779
313000000 40959 40953
314000000 43976 43974
315000000 47120 47113
316000000 50323 50319
317000000 53488 53483
318000000 56570 56566
319000000 59722 59719
320000000 62886 62878
321000000 66020 66009
322000000 69227 69213
323000000 72393 72391
324000000 75543 75538
325000000 78617 78609
326000000 81721 81714
327000000 84829 84824
328000000 87902 87898
329000000 91025 91015
330000000 94180 94177
331000000 97276 97274
332000000 100538 100532
333000000 103630 103621
334000000 106819 106808
335000000 110004 110001
336000000 113078 113072
337000000 116150 116146
338000000 119318 119318
339000000 122527 122525
340000000 125676 125676
341000000 128810 128805
342000000 131851 131848
343000000 135018 135011
344000000 138128 138118
345000000 141258 141260
346000000 144415 144408
347000000 147504 147500
348000000 150621 150613
349000000 153691 153690
350000000 156877 156868
351000000 160118 160111
352000000 163272 163270
353000000 166416 166410
354000000 169584 169572
355000000 172635 172633
356000000 175660 175658
357000000 178858 178849
358000000 181883 181880
359000000 185079 185076
360000000 188228 188219
361000000 191436 191426
362000000 194617 194606
363000000 197783 197770
364000000 200768 200772
365000000 203796 203796
366000000 206900 206903
367000000 209995 209990
368000000 213081 213077
369000000 216274 216261
370000000 219505 219506
371000000 222638 222633
372000000 225744 225741
373000000 228882 228876
374000000 232025 232023
375000000 235146 235141
376000000 238231 238236
377000000 241397 241393
378000000 244484 244480
379000000 247655 247654
380000000 250737 250730
381000000 253872 253864
382000000 256977 256980
383000000 260036 260034
384000000 263279 263278
385000000 266432 266431
386000000 269639 269634
387000000 272736 272727
388000000 275861 275858
389000000 279091 279083
390000000 282317 282303
391000000 285385 285379
392000000 288589 288584
393000000 291727 291723
394000000 294787 294786
395000000 297846 297838
396000000 301066 301058
397000000 304278 304269
398000000 307410 307407
399000000 310575 310558
400000000 313725 313718
