# Fix print output for fix saveBond
301000000 3136 3126
302000000 6298 6291
303000000 9323 9332
304000000 12522 12515
305000000 15653 15650
306000000 18755 18749
307000000 21972 21963
308000000 25100 25104
309000000 28161 28160
310000000 31367 31365
311000000 34459 34458
312000000 37566 37563
313000000 40699 40687
314000000 43895 43891
315000000 46940 46934
316000000 50162 50166
317000000 53294 53298
318000000 56357 56344
319000000 59481 59474
320000000 62601 62598
321000000 65772 65770
322000000 68915 68905
323000000 72139 72135
324000000 75286 75281
325000000 78328 78324
326000000 81378 81367
327000000 84623 84618
328000000 87774 87769
329000000 90898 90890
330000000 94082 94077
331000000 97201 97203
332000000 100227 100226
333000000 103351 103348
334000000 106436 106436
335000000 109584 109577
336000000 112686 112692
337000000 115832 115825
338000000 118959 118955
339000000 122170 122160
340000000 125394 125387
341000000 128486 128488
342000000 131768 131760
343000000 134826 134816
344000000 137951 137942
345000000 141057 141048
346000000 144199 144186
347000000 147477 147467
348000000 150579 150574
349000000 153736 153731
350000000 156899 156895
351000000 160058 160053
352000000 163268 163262
353000000 166447 166444
354000000 169490 169489
355000000 172598 172600
356000000 175811 175806
357000000 179005 179004
358000000 182067 182071
359000000 185184 185182
360000000 188320 188310
361000000 191442 191437
362000000 194570 194569
363000000 197697 197693
364000000 200782 200779
365000000 203994 203985
366000000 207206 207200
367000000 210446 210443
368000000 213508 213495
369000000 216691 216683
370000000 219898 219891
371000000 223073 223072
372000000 226225 226222
373000000 229356 229359
374000000 232528 232526
375000000 235643 235644
376000000 238707 238706
377000000 241834 241826
378000000 245044 245034
379000000 248237 248231
380000000 251326 251324
381000000 254470 254466
382000000 257532 257528
383000000 260735 260725
384000000 263894 263885
385000000 266983 266978
386000000 270045 270040
387000000 273134 273135
388000000 276185 276187
389000000 279327 279325
390000000 282457 282445
391000000 285575 285566
392000000 288740 288739
393000000 291823 291817
394000000 295002 294991
395000000 298209 298199
396000000 301359 301356
397000000 304583 304576
398000000 307683 307674
399000000 310894 310890
400000000 313963 313961
