# Fix print output for fix saveBond
301000000 3102 3099
302000000 6221 6216
303000000 9270 9270
304000000 12415 12412
305000000 15591 15584
306000000 18702 18702
307000000 21784 21776
308000000 24867 24855
309000000 27971 27969
310000000 31108 31104
311000000 34197 34196
312000000 37264 37258
313000000 40360 40350
314000000 43518 43508
315000000 46788 46784
316000000 49813 49807
317000000 52939 52936
318000000 56070 56060
319000000 59205 59196
320000000 62247 62246
321000000 65395 65398
322000000 68582 68577
323000000 71695 71692
324000000 74787 74785
325000000 77890 77891
326000000 81021 81028
327000000 84099 84105
328000000 87240 87237
329000000 90265 90258
330000000 93267 93267
331000000 96319 96316
332000000 99431 99421
333000000 102625 102614
334000000 105835 105833
335000000 108961 108960
336000000 112130 112135
337000000 115272 115266
338000000 118340 118333
339000000 121391 121386
340000000 124569 124565
341000000 127623 127616
342000000 130704 130707
343000000 133829 133828
344000000 136962 136962
345000000 139935 139933
346000000 142976 142972
347000000 146000 145996
348000000 149112 149114
349000000 152211 152203
350000000 155392 155383
351000000 158601 158592
352000000 161775 161769
353000000 164851 164846
354000000 167994 167987
355000000 171157 171148
356000000 174206 174204
357000000 177370 177367
358000000 180497 180491
359000000 183682 183686
360000000 186780 186775
361000000 189868 189871
362000000 193029 193031
363000000 196083 196079
364000000 199222 199223
365000000 202299 202296
366000000 205505 205493
367000000 208596 208589
368000000 211775 211770
369000000 214835 214836
370000000 217977 217977
371000000 221144 221135
372000000 224254 224250
373000000 227353 227347
374000000 230465 230452
375000000 233603 233598
376000000 236692 236693
377000000 239814 239815
378000000 242960 242958
379000000 246114 246113
380000000 249211 249209
381000000 252358 252350
382000000 255520 255514
383000000 258660 258661
384000000 261794 261797
385000000 265116 265113
386000000 268267 268263
387000000 271373 271378
388000000 274406 274409
389000000 277648 277655
390000000 280741 280738
391000000 283933 283928
392000000 287077 287071
393000000 290280 290273
394000000 293502 293495
395000000 296631 296627
396000000 299911 299899
397000000 303077 303076
398000000 306298 306290
399000000 309467 309460
400000000 312623 312618
