# Steps Temp KinEng PotEng Epair Ebond Eangle Bonds
301000000 312.35500168656949427 4654.4235700472709141 632.00036738905805578 -3801.6430341335030789 1553.6376479463906435 2880.0057535761707186 5261
302000000 310.11730014749144857 4621.0794240275863558 565.26021752630310857 -3865.1247473272787829 1534.0639063597045606 2896.3210584938769898 5258
303000000 304.67614079795674797 4540.0003307263368697 612.16544032096601313 -3819.8544425972577301 1555.0988160869292187 2876.9210668312948656 5242
304000000 311.39230516570330565 4640.0783623402458034 488.2929486421897991 -3829.9327273511016756 1492.2526326269135097 2825.9730433663776239 5258
305000000 311.07534299131611988 4635.3552869698651193 648.22320067009684408 -3787.7135642137500326 1590.7610149586332682 2845.1757499252134949 5254
306000000 310.22827849327632066 4622.7331200644575802 678.7467065455143711 -3735.628994038865585 1559.8063290218294696 2854.5693715625502591 5257
307000000 306.26655320754895229 4563.6991764798285658 515.51061886955926639 -3795.9403437508108254 1519.8497830029477882 2791.6011796174220763 5260
308000000 312.87816077579395824 4662.2191999639462665 588.71540487034644684 -3785.2102923241995995 1513.6603332256709109 2860.2653639688751355 5247
309000000 309.63131033527946556 4613.8376560887072628 541.72795441844505149 -3800.4056937016621305 1521.7560430472808548 2820.3776050728265545 5252
310000000 309.22725877009048645 4607.8168556585060287 610.1125710878367272 -3775.9766710054345822 1540.4626102666018141 2845.6266318266689268 5253
311000000 300.24542314961342981 4473.9778993795607676 653.58678665811589781 -3724.3651956889598296 1510.0827122102964495 2867.8692701367790505 5252
312000000 309.08327575174286039 4605.6713547039344121 675.85074473737358858 -3763.9111340784415916 1556.1573234558691183 2883.6045553599460618 5254
313000000 317.53616124836491963 4731.6283884570457303 629.32098395427431115 -3759.5716006658776678 1528.6656819586946767 2860.2269026614567338 5263
314000000 311.10886884883177572 4635.8548581007398752 570.7839797017404635 -3824.057550044157324 1505.3140024016136067 2889.5275273442839534 5255
315000000 315.3799251313450327 4699.4981643484043161 518.95554162408961929 -3865.7661577635822141 1540.9119483589784068 2843.8097510286934266 5257
316000000 312.14074436080346686 4651.2309067580135888 568.58107334475539574 -3837.6710167406563414 1541.9588585339465681 2864.2932315514658512 5247
317000000 304.85192396039280993 4542.6196878361706695 577.75155756643141558 -3869.4503845092203846 1591.3944796623641196 2855.8074624132873396 5247
318000000 312.22545083566183166 4652.4931238218914586 470.35521419849897029 -3798.8636691952833644 1475.1767593159715943 2794.042124077810513 5264
319000000 307.24726094236854124 4578.3127705366714508 621.0890220321734887 -3751.1428304301753087 1533.2900682044364657 2838.9417842579123317 5258
320000000 314.06294089767573041 4679.8736908311784646 750.26877939070891443 -3691.2234805754960689 1598.1762602664225597 2843.3159996997828785 5254
321000000 313.66176043933916162 4673.8956729635547163 596.52644055338919316 -3799.3548452575005285 1519.8185081721719598 2876.0627776387173071 5253
322000000 314.74745119403763738 4690.0736262896280095 560.21290888757619086 -3857.8316328169639746 1554.245223213762074 2863.7993184907782052 5261
323000000 310.87004613862313818 4632.2961443120839249 628.84148555215358556 -3719.2100846151565747 1512.1122725149289181 2835.9392976523813559 5255
324000000 311.4182134286813266 4640.4644231659494835 540.76221153765527561 -3748.8523196090582132 1541.5565992179381283 2748.0579319287753606 5256
325000000 311.24690513616491216 4637.9117464035234661 427.84193153712237745 -3870.068284506699456 1522.0552769779030768 2775.8549390659190976 5255
326000000 314.50178578009894181 4686.4129488975340792 556.88973816623865787 -3850.7891108920589431 1583.6247406004251843 2824.0541084578726441 5262
327000000 308.04177740191050816 4590.1519154714887918 708.89905371705287962 -3746.8595665507600643 1631.9860288042082175 2823.7725914636043854 5256
328000000 304.53605018263181137 4537.9128307394939839 520.69030982769083948 -3871.65264173648211 1564.2980140352983653 2828.0449375288744704 5256
329000000 309.8945644354802198 4617.7604237161503988 527.29856625499246547 -3859.805517715150927 1536.5131219254162716 2850.5909620447273483 5259
330000000 310.28443745976545642 4623.5699487237880021 604.23199657180839495 -3802.3233088473216412 1579.2801595296168671 2827.2751458895127143 5256
331000000 312.06104143378064464 4650.0432479078790493 571.83924414306284234 -3814.3435674454567561 1558.1607958291124305 2828.0220157594067132 5249
332000000 307.00961994683331113 4574.7716655604217522 639.28173006508677645 -3795.9960160893083412 1577.4674773354017816 2857.8102688189928813 5252
333000000 312.42002924173738165 4655.3925501623380114 686.25079745106268092 -3753.9338107792764276 1550.8152932208220136 2889.3693150095168676 5254
334000000 305.99971605987434486 4559.7230176131706685 565.81694734502025312 -3792.1229673074872153 1548.4604268868283725 2809.4794877656786412 5251
335000000 307.64026344639239596 4584.1689281392045814 559.70334944728665505 -3791.235389019707327 1502.2710918336711075 2848.6676466333228745 5258
336000000 304.95770365630716014 4544.1959184303268557 644.56861837757969624 -3707.468439587805733 1513.3009244224217582 2838.7361335429632163 5245
337000000 316.22531791118444744 4712.095420864823609 745.7733689204918619 -3680.6685133621849673 1530.6114469614499285 2895.8304353212270144 5258
338000000 307.57658329817547838 4583.2200258286784447 644.84084593130455687 -3753.9438320878562081 1539.6969987521722487 2859.0876792669887436 5255
339000000 317.45134933714462022 4730.3646002786172176 664.57799270115867785 -3754.3650087314549637 1534.646898123147821 2884.2961033094661616 5261
340000000 309.25177418056813394 4608.1821614923819652 790.89966298809667933 -3745.8275097744940467 1595.4551441587016143 2941.2720286038893391 5258
341000000 308.19881472938317302 4592.4919395928236554 705.73302454011991358 -3742.5496194186971479 1539.1707574486417798 2909.1118865101757365 5249
342000000 311.39844160413508689 4640.1698018354318265 659.53032109786499859 -3796.029601619107325 1541.0210922169826517 2914.5388304999896718 5259
343000000 315.76598979800178313 4705.2509407545676368 703.39890002841445948 -3730.2760420343670376 1537.2214405240056294 2896.4535015387764361 5261
344000000 316.91032698671256185 4722.3027886662639503 587.70458610938771926 -3811.1649097419181089 1530.1041656426236841 2868.7653302086823714 5260
345000000 314.89996541609286851 4692.3462513030535774 722.2923874464685241 -3778.406250930951046 1566.5510783844965772 2934.1475599929226519 5260
346000000 316.03938743872072337 4709.3248579836390491 653.19394061773812155 -3828.7049298524580081 1572.8424025590845758 2909.0564679111121222 5264
347000000 308.99730768023619021 4604.3903385007952238 731.19238245155770528 -3751.9571517175331792 1565.0332535050274601 2918.116280664063197 5261
348000000 307.65535568373906017 4584.3938186159111865 561.28191636185579227 -3832.7827822041663239 1524.1055036818265762 2869.9591948841962221 5256
349000000 315.18572577103498134 4696.6043861952302905 711.95859986761035998 -3714.0256295280642007 1540.4059476376573912 2885.5782817580175106 5256
350000000 303.23769850642230494 4518.5660022548208872 645.40363322575524307 -3786.1461383410282906 1501.194217684797195 2930.3555538819864523 5255
351000000 304.50921521346009513 4537.5129610004478309 658.22174857018057992 -3784.6639491486348561 1540.4621689428320224 2902.4235287759838684 5256
352000000 309.5937902545150564 4613.2785667598445798 768.74406196918914702 -3705.9313294597809545 1558.508588126518589 2916.1668033024511715 5257
353000000 312.27675093238940462 4653.2575501255050767 731.33232181814901196 -3704.6805208256164406 1529.146860176599148 2906.8659824671667593 5254
354000000 307.90187559381695337 4588.0672289143121816 770.46086551908467754 -3761.5657967589590953 1629.4898251635329416 2902.5368371145104902 5252
355000000 310.39922608972369744 4625.2804220697125857 642.63644223514211262 -3764.2125604901143561 1516.6666404288068861 2890.1823622964493552 5249
356000000 315.33080123461178346 4698.766165752021152 607.89987306895977781 -3782.2175742415302011 1492.1296415555796102 2897.9878057549103687 5256
357000000 309.28493833932873258 4608.6763429249913315 626.10477900548141861 -3746.3948427710547548 1521.2084068266717622 2851.2912149498642975 5252
358000000 312.91077051744559867 4662.7051199887155235 656.28827515896296063 -3744.7197025163777653 1556.316755507193875 2844.6912221681463961 5247
359000000 316.87722691228731264 4721.8095621587863207 608.74796805123037302 -3739.7689700404862378 1499.447576954627948 2849.0693611370888902 5253
360000000 305.21823881585521576 4548.0781709343009425 676.54060483672742521 -3755.5644943854367739 1523.9974824887792693 2908.1076167333849298 5261
361000000 310.98963129858191223 4634.0780910846169718 581.63726381027186108 -3795.4045469259353922 1536.9229083480861391 2840.1189023881215689 5256
362000000 314.56799766727709766 4687.3995768261256671 683.78237623326162975 -3755.4096488283894359 1575.7268370018093719 2863.4651880598416938 5252
363000000 309.62182139073985354 4613.6962606672104812 598.97759161323961052 -3699.0081957532556771 1501.4578944892100481 2796.5278928772850122 5255
364000000 310.43670312004144307 4625.8388699008801268 688.29930787480111576 -3697.6632389909491394 1514.8424761459953061 2871.1200707197549491 5254
365000000 310.95021616283077037 4633.4907634098044582 701.51133967297505478 -3735.2683743270827108 1560.9875447709755463 2875.7921692290824467 5260
366000000 309.07630359141353438 4605.5674620587205936 543.61329026609439552 -3812.2619338242634512 1539.1811421275904195 2816.694081962767541 5257
367000000 305.3140870559753921 4549.5064122160283659 745.82759706309730063 -3739.971129955069955 1606.3361725716736146 2879.4625544464938685 5254
368000000 310.41438315049526864 4625.5062784847750663 602.14361997139758387 -3793.9663084445937784 1509.3696190976022535 2886.7403093183893361 5264
369000000 308.00062802287021668 4589.5387457169990739 578.18047956653458641 -3873.7758377111958907 1594.546568528921398 2857.4097487488088518 5259
370000000 311.94643769306833292 4648.335529609446894 580.29195300773949384 -3856.128322221235976 1507.7620402449344965 2928.6582349840414281 5258
371000000 310.38802090734463945 4625.1134528689945 682.52570329225818568 -3846.9740588655731699 1582.2595595324710303 2947.2402026253603253 5252
372000000 310.58736760198354432 4628.08393180843359 637.40899458853846227 -3803.8892698020436001 1563.436989427550543 2877.8612749630310645 5254
373000000 306.93235010947199726 4573.6202623482868148 662.62731691677743129 -3742.9563990248625487 1584.0425570990512369 2821.5411588425890841 5248
374000000 309.15577698923334538 4606.7517006782627504 589.37208986929158527 -3754.9775973151276958 1516.3233760740997695 2828.0263111103190568 5253
375000000 310.00584470254779035 4619.4186187030200017 664.79166679907359594 -3712.4519617174310042 1518.4448827440060086 2858.7987457724984779 5250
376000000 308.54982613088191101 4597.7223848607700347 695.28583466915017652 -3701.867428063133957 1528.2595581335319821 2868.8937045987522652 5252
377000000 309.11939763705498763 4606.2096094252719922 671.47557385525760765 -3771.1172737326887727 1545.6857335278032224 2896.9071140601436127 5259
378000000 311.47124489344355425 4641.2546487048739436 612.54079299077557152 -3742.9736294332010402 1549.123330849246031 2806.391091574730126 5261
379000000 307.97625727487201175 4589.1755955087737675 612.38808991831160711 -3810.6384330185328508 1564.0344277455017163 2858.9920951913431963 5257
380000000 312.57819595012000491 4657.7494032670356319 729.59845857871539465 -3636.3127743568211372 1509.5832032036187229 2856.3280297319183774 5253
381000000 307.66058688036082458 4584.4717690400266292 772.16201855495830841 -3714.3743426571809323 1596.5173639576212281 2890.0189972545181263 5255
382000000 310.46165485312462806 4626.2106774081994445 584.80151096730389781 -3813.4533890309867274 1548.9739630058315925 2849.2809369924598286 5255
383000000 315.21022739268977375 4696.9694865608998953 624.66875696194585998 -3730.5239521891544427 1504.3983661229858626 2850.7943430281143264 5261
384000000 316.6923799475279111 4719.055144701142126 747.3694782273803412 -3684.2946628856216194 1555.32062514302811 2876.3435159699738506 5260
385000000 314.15524786350289332 4681.249163338760809 647.67871588275011163 -3775.8350399053351794 1545.4055825809014095 2878.1081732071838815 5256
386000000 320.89009305841000241 4781.6055592553848328 647.71845649536317069 -3816.4721793281964892 1564.1955768519587764 2899.9950589716008835 5256
387000000 306.60996801584036575 4568.8164243848859769 672.77266173907833036 -3757.214416480302134 1556.6027121040465317 2873.3843661153337052 5250
388000000 311.72405229374521696 4645.0217493317022672 706.80696179232654686 -3774.7963107885589125 1569.8792876372867795 2911.7239849435986798 5249
389000000 309.2138582006911065 4607.6171728433509998 550.7058178889831197 -3828.6426035727354247 1531.5300514737793947 2847.8183699879391497 5253
390000000 311.74699568348478351 4645.3636303753992252 571.48154454342795816 -3899.0569372632389786 1545.3791095561186921 2925.1593722505485857 5263
391000000 311.76138236329563824 4645.5780072902716711 599.49817890127144437 -3757.7025359568674503 1508.4479832062402238 2848.7527316518985572 5260
392000000 308.73628086087978772 4600.50075973987623 699.86998018062570281 -3756.6935502849378281 1545.6579412938458518 2910.9055891717180202 5252
393000000 308.33157462177564412 4594.4702039682042596 695.86768483619277958 -3779.8472303115040631 1565.1680635197853917 2910.5468516279115647 5257
394000000 308.00167958144646718 4589.5544150643636385 556.21760290900238033 -3763.531045963437009 1493.2211565867296486 2826.5274922857097408 5262
395000000 304.22016905668664322 4533.2058641470157454 639.00965116262409538 -3772.4466089062484571 1555.1674511965268266 2856.2888088723457258 5261
396000000 309.7338063063411937 4615.3649556708132877 667.36581753594771271 -3807.0437464403339618 1523.1287695373505358 2951.2807944389314798 5254
397000000 313.27266095765065756 4668.097674567865397 650.311561524842773 -3793.5598501807508001 1570.1875345699506852 2873.6838771356428879 5258
398000000 308.67948212611923964 4599.6543978491072266 565.85111250863246823 -3827.9341679868007304 1508.2179576213034125 2885.5673228741297862 5260
399000000 306.72035049359658387 4570.4612413508848476 697.75910855207325767 -3780.8906648217489419 1575.6092012874889861 2903.0405720863327588 5255
400000000 312.57337620033098347 4657.6775838407465926 595.67311207426428155 -3770.674408337229579 1530.639638989670857 2835.7078814218230036 5253
