# Steps Temp KinEng PotEng Epair Ebond Eangle Bonds
301000000 305.73923674872207812 4555.8415973100200063 682.51414397253211064 -3703.1465271609840784 1535.2929313142121828 2850.3677398193040062 5251
302000000 311.91523489413157222 4647.8705745357701744 709.02940120866151119 -3736.6660614289153273 1605.6846990400072173 2840.0107635975700759 5262
303000000 310.03659815893280438 4619.8768780921318466 732.83139804765005465 -3785.1422035396331012 1647.6962722371033578 2870.2773293501795706 5251
304000000 313.54614874195641505 4672.172935032784153 742.17856265179420916 -3796.0038928889148337 1608.4942709382332851 2929.6881846024762126 5252
305000000 313.68416891392990919 4674.2295831994742912 647.07636500871922181 -3749.4212476207640066 1563.5794665733176316 2832.9181460561653694 5254
306000000 310.54476774678630591 4627.4491484080081136 746.67637297273006425 -3697.8365220895934726 1562.7977232451112286 2881.7151718172121946 5258
307000000 308.14958553661170981 4591.7583719728627329 704.67725420004921943 -3720.6341941878363286 1608.649868670246633 2816.6615797176391425 5248
308000000 314.86682855839802642 4691.8524766855207417 575.72039466166938837 -3748.3980291282787221 1531.0739878123326889 2793.0444359776156489 5257
309000000 304.99750516546777135 4544.7890034821439258 550.28253379031264103 -3814.7144866433363859 1558.5005029454832766 2806.4965174881654093 5256
310000000 304.78194248043706693 4541.576888943839549 693.23135371341788868 -3718.7334288706460939 1556.9235553138510113 2855.0412272702128575 5252
311000000 308.89331164758772275 4602.8406863968202742 599.34596531200531899 -3777.2573905741110138 1543.5615426013914657 2833.0418132847248671 5254
312000000 309.73874314253720286 4615.4385198097834291 648.57904390401836281 -3804.6097688808040402 1518.1129495635236708 2935.0758632212982775 5252
313000000 315.98172342710142857 4708.465602542313718 509.74825599089047046 -3777.0681335914932788 1516.9635746162575742 2769.8528149661256066 5251
314000000 309.28660517074291647 4608.7011804956391643 725.91439108683209724 -3745.6510249994612423 1550.7228467871029807 2920.8425692991904725 5249
315000000 312.12589163926674019 4651.0095853230222929 589.36960037304265825 -3797.0762780628947439 1522.2009553272289395 2864.2449231087080079 5257
316000000 308.52118646639007693 4597.2956232314409135 678.59663133629692311 -3701.6170931893138913 1526.6504149242355197 2853.5633096013752947 5240
317000000 308.42488781453431557 4595.8606703331643075 684.91381518629361835 -3741.7647020366898687 1582.7358179186448979 2843.9426993043384755 5267
318000000 310.47177858229741787 4626.3615317995945588 530.45446085761068389 -3866.4604187707632263 1516.7491505933653571 2880.1657290350076437 5268
319000000 309.73898693137357441 4615.442152524163248 534.93618256806416866 -3883.3271998009986419 1557.6400038032127213 2860.623378565850544 5257
320000000 310.30850422196198224 4623.9285692184730578 724.85903929368430454 -3730.6754523512945525 1570.2456315547683516 2885.2888600902106191 5254
321000000 311.03301468993487333 4634.7245500117078336 712.28674814337432508 -3739.3659190379744359 1561.9301279511555549 2889.7225392301934335 5252
322000000 308.07447264146168209 4590.6391095063972898 637.51522827118060377 -3812.4191604718294002 1526.8440473495463721 2923.0903413934638593 5253
323000000 316.14313049423668645 4710.8707404577953639 706.98505838295818648 -3826.1450844318828786 1594.8762583750453814 2938.253884439795911 5254
324000000 314.1072834724447489 4680.5344426169576764 574.72084645183190332 -3805.3851551562852364 1503.5596157466870864 2876.5463858614302808 5260
325000000 315.71844687195942925 4704.542500312231823 863.85498145325391306 -3645.3990874114615508 1566.6279920519418738 2942.6260768127731353 5262
326000000 306.9606184969815672 4574.0414915535229738 717.65073456191339574 -3710.8634157789733763 1518.1823240646481281 2910.3318262762386439 5251
327000000 308.30844615521539254 4594.1255650819502989 648.32194481178794376 -3756.3098581703816308 1558.1551963396022984 2846.4766066425672761 5259
328000000 310.17643927584794028 4621.9606602858448241 773.96766583227827141 -3686.2566583696570888 1512.9050470272600251 2947.3192771746757899 5254
329000000 309.6318369920803093 4613.8455038382680868 717.59355091720544806 -3768.2599332608624536 1571.9392347290151974 2913.9142494490524768 5253
330000000 310.45712238887813328 4626.1431388437285932 628.0607079902553096 -3803.639162806548029 1535.3876634453058614 2896.3122073514978183 5252
331000000 314.75842813718901425 4690.2371944817650729 615.41155254351019721 -3817.7465154014580548 1546.5501977170406462 2886.6078702279273784 5250
332000000 313.8076996016803264 4676.0703225556080724 667.66785871392107765 -3779.3268689770716264 1561.213395573561229 2885.7813321174317025 5255
333000000 311.70856112173783004 4644.7909143019141993 626.65121381436347292 -3781.6903901923828926 1539.1924029954848265 2869.149201011261539 5252
334000000 307.1451523434255364 4576.7912432134053233 738.62030878403220413 -3694.9183893896561131 1555.6299023187661987 2877.9087958549221185 5253
335000000 307.40266845985280497 4580.6285087461947114 699.13608297762334587 -3716.4829360281055415 1542.5708065606281707 2873.0482124451013988 5255
336000000 314.32627746481637132 4683.7976873042198349 657.34560228733312215 -3799.8653046584363437 1536.1313151698084312 2921.07959177596058 5258
337000000 304.63411475519001215 4539.3740977447832847 612.85001430519128007 -3766.7196257165383031 1538.7031504733135989 2840.8664895484157569 5258
338000000 312.73343421674854881 4660.0626194578053401 579.66296354661972146 -3755.1229206331336172 1523.0522863628052619 2811.7335978169485315 5253
339000000 309.32082633544297323 4609.211112447150299 575.81817834007176771 -3759.9625190895126252 1468.7920488622276025 2866.9886485673569041 5256
340000000 308.86332478825312364 4602.3938501235898002 665.95807042185333557 -3760.0256304307995379 1533.4398784951445123 2892.5438223575083612 5256
341000000 310.74933984254420238 4630.4974914123722556 773.03364053704115122 -3705.7917013267197035 1563.8855973022114085 2914.9397445615495599 5255
342000000 312.74542423396900404 4660.2412835369932509 548.14468423770108529 -3845.0012835881407227 1512.5648279859960894 2880.5811398398450365 5252
343000000 312.2461434935397051 4652.8014665538266854 679.16618949369740221 -3713.4535143827074535 1547.7206923412218202 2844.8990115351825807 5247
344000000 307.04613970184203708 4575.3158489657371319 683.82154219139420093 -3634.9924827481709144 1504.2034471790116186 2814.6105777605534968 5258
345000000 306.63595129973026587 4569.2036031024072145 590.12700187619373082 -3805.7080803028579794 1525.796662561966059 2870.0384196170862197 5252
346000000 308.13894215863018644 4591.599774258485013 585.20508718398286874 -3808.7732943522623827 1536.7628234695805531 2857.2155580666649257 5258
347000000 308.82977395893971106 4601.8939068862227941 581.32832199359665992 -3824.2510242003536405 1592.9925609734195859 2812.5867852205306008 5252
348000000 312.24303774504397779 4652.7551875798289984 703.89537437212993609 -3740.1004725402722215 1552.3671120973169764 2891.6287348150849539 5259
349000000 304.46117432565625904 4536.797100395326197 587.80849760683622662 -3826.793977316733617 1568.1459899790645522 2846.4564849445046093 5259
350000000 314.15408222696981966 4681.2317941078390504 641.32024043532987889 -3819.9625644842390102 1539.1452173211259833 2922.1375875984431332 5247
351000000 308.40250866104116767 4595.5271970129551846 562.39816173668032206 -3797.539710295932764 1513.337734340928364 2846.6001376916851768 5255
352000000 312.80508248470255239 4661.1302552738397935 630.80023402499728036 -3752.6710638563699831 1531.5853982870917207 2851.8858995942759975 5252
353000000 310.89711752451017901 4632.6995369130218023 778.08789957324518127 -3656.5975816336240314 1518.1487156346552183 2916.5367655722138807 5241
354000000 302.02058444101754731 4500.4297010498848977 627.6805770397447759 -3783.8937691423484466 1568.3066512096784209 2843.267694972415029 5251
355000000 314.27370883966824522 4683.0143585705245641 789.39737721337633047 -3718.339123929100424 1589.5674586027939768 2918.1690425396827777 5250
356000000 309.71100162173479475 4615.025141481936771 642.62694633115938814 -3770.7472083820184707 1497.3339513444989279 2916.040203368679613 5252
357000000 305.70920471062822799 4555.3940878249604793 606.71327924982006152 -3846.9076255448899246 1574.5144766041817093 2879.1064281905282769 5254
358000000 306.88016882577608158 4572.8427054164685615 685.47572428726084581 -3809.4490714966977976 1608.574852288716329 2886.3499434952418596 5253
359000000 310.01984030667364323 4619.6271681719535991 610.82117408186172725 -3838.0833545370919637 1593.9338122635847412 2854.9707163553689497 5253
360000000 307.7226847238887899 4585.3970933185082686 620.84358077128251807 -3754.3774217052391577 1511.6088619591691895 2863.6121405173521453 5245
361000000 322.32845094926386764 4803.0386300664986265 661.93103150086994901 -3733.7765469652645152 1590.472239921921755 2805.2353385442124818 5250
362000000 309.23230707773103632 4607.8920808412121914 673.36138620505209929 -3698.5594038847211777 1555.0819498292096341 2816.8388402605633019 5254
363000000 314.81979899280423751 4691.1516858628765476 731.02599583647133841 -3781.0416579425741475 1582.5005721513953176 2929.5670816276501682 5246
364000000 310.73674884924514572 4630.3098721469050361 632.92530057837177537 -3780.3294005456004925 1535.2511556743770598 2878.0035454495950944 5245
365000000 317.46845899236643618 4730.6195524391714571 471.40011148481812597 -3795.857910473136144 1503.3240206987848069 2763.9340012591692357 5255
366000000 316.71600951430497162 4719.4072505165231632 725.80336858900943753 -3698.9151943234601276 1586.9587247148476763 2837.7598381976222299 5253
367000000 310.66954059483242645 4629.308397280963618 653.81244098325112191 -3766.2215248605339184 1588.9496186936225968 2831.0843471501621025 5257
368000000 307.74341722494688156 4585.706029756438511 626.18994746846374255 -3809.6185024792721379 1550.2508317893571075 2885.5576181583783182 5259
369000000 312.79683419694117674 4661.0073469651470077 692.11581640046324537 -3775.878587501428683 1568.1971907735187415 2899.7972131283731869 5254
370000000 312.27781665085717577 4653.2734304703972157 620.15437811062997753 -3794.3478146481061231 1578.9421867809512605 2835.5600059777848401 5254
371000000 308.50235306660135848 4597.0149854333985786 625.24213149371541931 -3819.1437075358508082 1560.57892222866667 2883.8069168008996712 5263
372000000 311.97834996871171143 4648.8110566447958263 562.8432669882627124 -3817.7715997317886831 1606.650607734469304 2773.9642589855820916 5261
373000000 307.70559405919664187 4585.1424241371551034 610.85280604263323312 -3800.8959507973904692 1549.8568416514144701 2861.8919151886098007 5252
374000000 312.23712345619333064 4652.6670583509776407 607.86065292516479985 -3725.6064045179318782 1559.9165983869529555 2773.5504590561440637 5252
375000000 313.40687287437879149 4670.0975756587004071 571.31613928850231332 -3791.0821814411006017 1538.0779397318619885 2824.3203809977412675 5248
376000000 307.55227416869962553 4582.8577938023336174 603.4439730810366882 -3760.5277232639850808 1584.4508319081846821 2779.5208644368367459 5254
377000000 307.96267872902996032 4588.9732606542884241 572.92330415422316037 -3824.3914244001675797 1574.9398574712331538 2822.374871083157359 5254
378000000 307.65397184140471154 4584.3731978851938038 477.74036179548704695 -3753.1735468648544156 1446.9016766360455222 2784.0122320242962815 5249
379000000 303.80156895541080075 4526.9682749703342779 660.28742950441517223 -3731.0757899886975792 1567.2744893906319703 2824.0887301024813496 5255
380000000 306.29903210007370262 4564.1831467126721691 694.54807739277248402 -3716.5055620935149818 1539.0906420344360868 2871.9629974518516065 5249
381000000 303.46158871061351192 4521.9022057343991037 478.17980181824816555 -3964.4048727760646216 1556.9432746630459405 2885.6413999312671876 5256
382000000 310.27858915209833413 4623.4828026851337199 588.32919540890111421 -3869.2172941081025783 1593.8573061354363745 2863.6891833815670907 5261
383000000 312.78817823805798071 4660.8783639207595115 658.25616652981466359 -3768.1957641024732766 1534.4518455406391695 2892.0000850916485433 5255
384000000 310.44577243057034366 4625.9740123268438765 617.48626238297333657 -3750.8401251303130266 1550.9790396866922038 2817.3473478265937047 5253
385000000 314.72392679263970194 4689.7230875508639656 616.43582020830740476 -3842.0892494499407803 1581.2305733916796271 2877.2944962665687854 5257
386000000 313.18606315219324188 4666.8072746553971228 613.15201516768684087 -3706.6881060743407943 1469.1577730456558584 2850.6823481963715494 5251
387000000 312.12265222554890443 4650.9613145942685151 739.20700092707818385 -3746.0524351800513614 1563.482058497880189 2921.7773776092499247 5261
388000000 305.39667295285175896 4550.7370304001442491 616.8216370532475139 -3804.3819412567436302 1525.2919756498645256 2895.9116026601268459 5251
389000000 307.39014247687566694 4580.4418582040480032 684.91737356259704939 -3769.4952212233824866 1570.598384012077986 2883.8142107739013227 5256
390000000 308.01288217348337639 4589.7213456662129829 659.23263412238725323 -3761.7676245124457637 1553.8275738154834471 2867.1726848193497972 5256
391000000 312.46948586284293015 4656.1295067076971463 600.30787330564646709 -3777.4859290314934697 1545.4325401642004181 2832.361262172939405 5257
392000000 304.59453395655742725 4538.7843015158705384 643.7943889357846956 -3757.9930028704329743 1546.0109148538756472 2855.7764769523419091 5257
393000000 307.50565563070989583 4582.1631277305596086 683.25009343757665192 -3760.5283232651436265 1576.4266981478410798 2867.3517185548789712 5252
394000000 309.75752939820273468 4615.7184551099726377 658.75297137798008862 -3791.0228847772227709 1574.8511835684660127 2874.9246725867374153 5245
395000000 311.31210618763407183 4638.8833117990234314 583.21805285635048222 -3783.9239036077733545 1508.3589582786134997 2858.7829981855111328 5253
396000000 315.38434146560217641 4699.5639724518405274 606.01799526410832186 -3753.9264637544706602 1520.6168751957741279 2839.3275838228046268 5253
397000000 317.73375186478273235 4734.5726999529697423 708.2547747420575206 -3746.3771800477743454 1551.684449346678548 2902.9475054431532044 5256
398000000 308.42619689441482933 4595.8801770233667412 678.87337958963996698 -3794.7369671802516677 1560.0533981271514676 2913.5569486427393713 5254
399000000 310.65098560231774627 4629.0319080490444321 664.87326242068502324 -3770.9419560052392626 1556.0665471539773534 2879.7486712719464776 5250
400000000 309.72678878168812844 4615.2603870486609594 539.64769273746196632 -3869.7019073267920248 1501.7038616351733253 2907.6457384290806658 5248
