4.910e+02
4.907e+02
4.907e+02
4.909e+02
4.905e+02
4.909e+02
4.912e+02
4.908e+02
4.911e+02
4.912e+02
4.913e+02
4.916e+02
4.907e+02
4.907e+02
4.911e+02
4.915e+02
4.918e+02
4.922e+02
4.922e+02
4.922e+02
4.923e+02
4.922e+02
4.925e+02
4.918e+02
4.919e+02
4.920e+02
4.918e+02
4.916e+02
4.914e+02
4.917e+02
4.923e+02
4.921e+02
4.919e+02
4.925e+02
4.926e+02
4.923e+02
4.919e+02
4.914e+02
4.922e+02
4.920e+02
4.923e+02
4.923e+02
4.925e+02
4.925e+02
4.919e+02
4.921e+02
4.916e+02
4.922e+02
4.923e+02
4.922e+02
4.923e+02
4.926e+02
4.927e+02
4.928e+02
4.927e+02
4.924e+02
4.921e+02
4.923e+02
4.924e+02
4.918e+02
4.922e+02
4.922e+02
4.921e+02
4.921e+02
4.925e+02
4.925e+02
4.931e+02
4.927e+02
4.924e+02
4.920e+02
4.927e+02
4.921e+02
4.919e+02
4.924e+02
4.923e+02
4.924e+02
4.921e+02
4.918e+02
4.913e+02
4.914e+02
4.919e+02
4.919e+02
4.916e+02
4.919e+02
4.920e+02
4.915e+02
4.917e+02
4.916e+02
4.916e+02
4.919e+02
4.922e+02
4.919e+02
4.920e+02
4.918e+02
4.918e+02
4.921e+02
4.921e+02
4.916e+02
4.912e+02
4.916e+02
