# Fix print output for fix saveBond
301000000 42 42
302000000 82 82
303000000 121 121
304000000 154 154
305000000 190 190
306000000 230 229
307000000 273 272
308000000 309 311
309000000 336 337
310000000 373 374
311000000 414 415
312000000 454 454
313000000 497 496
314000000 536 535
315000000 582 580
316000000 614 613
317000000 650 648
318000000 691 689
319000000 740 738
320000000 777 775
321000000 810 809
322000000 861 860
323000000 895 893
324000000 927 926
325000000 972 970
326000000 1007 1006
327000000 1036 1034
328000000 1075 1073
329000000 1123 1121
330000000 1159 1157
331000000 1210 1208
332000000 1259 1258
333000000 1300 1298
334000000 1353 1353
335000000 1392 1390
336000000 1434 1432
337000000 1475 1473
338000000 1517 1519
339000000 1571 1568
340000000 1606 1603
341000000 1643 1640
342000000 1681 1677
343000000 1724 1721
344000000 1761 1756
345000000 1811 1809
346000000 1844 1841
347000000 1878 1875
348000000 1922 1917
349000000 1958 1953
350000000 1992 1988
351000000 2029 2025
352000000 2056 2053
353000000 2103 2100
354000000 2147 2144
355000000 2185 2182
356000000 2221 2220
357000000 2252 2251
358000000 2295 2293
359000000 2336 2334
360000000 2384 2382
361000000 2416 2413
362000000 2448 2447
363000000 2475 2473
364000000 2529 2526
365000000 2570 2567
366000000 2609 2606
367000000 2661 2657
368000000 2697 2693
369000000 2743 2740
370000000 2783 2780
371000000 2820 2817
372000000 2867 2866
373000000 2906 2906
374000000 2940 2940
375000000 2977 2976
376000000 3015 3014
377000000 3050 3049
378000000 3087 3087
379000000 3133 3134
380000000 3168 3169
381000000 3204 3204
382000000 3241 3241
383000000 3280 3281
384000000 3333 3332
385000000 3369 3368
386000000 3413 3411
387000000 3442 3440
388000000 3471 3469
389000000 3515 3513
390000000 3557 3556
391000000 3590 3589
392000000 3640 3641
393000000 3677 3677
394000000 3718 3719
395000000 3757 3757
396000000 3791 3792
397000000 3823 3823
398000000 3862 3862
399000000 3899 3899
400000000 3939 3940
