# Fix print output for fix saveBond
301000000 36 36
302000000 83 83
303000000 132 133
304000000 163 165
305000000 202 205
306000000 232 236
307000000 281 282
308000000 318 320
309000000 363 365
310000000 398 398
311000000 437 436
312000000 480 478
313000000 520 519
314000000 569 568
315000000 614 612
316000000 657 655
317000000 685 682
318000000 723 720
319000000 771 768
320000000 804 801
321000000 835 832
322000000 875 873
323000000 906 904
324000000 943 942
325000000 974 972
326000000 1015 1012
327000000 1053 1050
328000000 1093 1091
329000000 1134 1133
330000000 1178 1176
331000000 1220 1218
332000000 1256 1255
333000000 1300 1298
334000000 1327 1325
335000000 1372 1370
336000000 1415 1413
337000000 1452 1451
338000000 1487 1486
339000000 1529 1528
340000000 1556 1555
341000000 1602 1602
342000000 1637 1635
343000000 1676 1674
344000000 1715 1713
345000000 1755 1754
346000000 1799 1798
347000000 1845 1843
348000000 1885 1885
349000000 1935 1934
350000000 1967 1967
351000000 2001 2000
352000000 2041 2039
353000000 2092 2091
354000000 2128 2126
355000000 2167 2166
356000000 2195 2193
357000000 2228 2228
358000000 2266 2265
359000000 2304 2302
360000000 2331 2329
361000000 2363 2361
362000000 2393 2391
363000000 2441 2439
364000000 2482 2481
365000000 2517 2515
366000000 2547 2547
367000000 2580 2579
368000000 2618 2618
369000000 2666 2668
370000000 2705 2709
371000000 2744 2745
372000000 2793 2794
373000000 2825 2826
374000000 2869 2870
375000000 2908 2911
376000000 2949 2949
377000000 2993 2994
378000000 3026 3029
379000000 3073 3076
380000000 3105 3107
381000000 3160 3161
382000000 3207 3209
383000000 3247 3249
384000000 3285 3288
385000000 3318 3317
386000000 3345 3346
387000000 3393 3393
388000000 3426 3426
389000000 3456 3458
390000000 3494 3494
391000000 3534 3534
392000000 3575 3573
393000000 3617 3614
394000000 3650 3647
395000000 3693 3690
396000000 3742 3738
397000000 3775 3771
398000000 3808 3804
399000000 3846 3842
400000000 3890 3887
