# Fix print output for fix saveBond
301000000 38 38
302000000 75 75
303000000 108 109
304000000 151 152
305000000 189 190
306000000 216 217
307000000 248 248
308000000 280 281
309000000 326 326
310000000 373 373
311000000 416 416
312000000 456 455
313000000 501 501
314000000 543 544
315000000 594 595
316000000 631 633
317000000 659 663
318000000 695 697
319000000 725 727
320000000 763 765
321000000 799 799
322000000 845 844
323000000 886 885
324000000 926 925
325000000 966 965
326000000 1009 1008
327000000 1048 1048
328000000 1085 1083
329000000 1142 1141
330000000 1176 1174
331000000 1214 1213
332000000 1243 1240
333000000 1279 1277
334000000 1312 1310
335000000 1344 1342
336000000 1382 1383
337000000 1424 1423
338000000 1460 1459
339000000 1493 1491
340000000 1517 1515
341000000 1557 1555
342000000 1591 1588
343000000 1638 1635
344000000 1679 1677
345000000 1721 1720
346000000 1772 1770
347000000 1806 1805
348000000 1847 1846
349000000 1884 1883
350000000 1922 1921
351000000 1950 1951
352000000 1998 1997
353000000 2039 2037
354000000 2074 2073
355000000 2096 2094
356000000 2136 2136
357000000 2178 2178
358000000 2209 2209
359000000 2246 2246
360000000 2300 2301
361000000 2332 2333
362000000 2368 2369
363000000 2408 2409
364000000 2464 2464
365000000 2494 2492
366000000 2537 2536
367000000 2566 2564
368000000 2595 2593
369000000 2634 2632
370000000 2681 2679
371000000 2724 2721
372000000 2765 2761
373000000 2798 2794
374000000 2827 2823
375000000 2860 2856
376000000 2887 2883
377000000 2911 2909
378000000 2952 2949
379000000 2995 2993
380000000 3031 3028
381000000 3069 3066
382000000 3108 3105
383000000 3151 3148
384000000 3186 3183
385000000 3230 3229
386000000 3266 3265
387000000 3307 3307
388000000 3356 3356
389000000 3390 3389
390000000 3427 3425
391000000 3471 3468
392000000 3518 3517
393000000 3558 3557
394000000 3609 3608
395000000 3653 3652
396000000 3690 3689
397000000 3739 3738
398000000 3774 3775
399000000 3812 3813
400000000 3850 3850
