# Fix print output for fix saveBond
301000000 39 39
302000000 72 72
303000000 105 107
304000000 146 147
305000000 193 196
306000000 236 237
307000000 274 275
308000000 305 305
309000000 344 344
310000000 378 378
311000000 414 414
312000000 451 451
313000000 488 490
314000000 532 534
315000000 575 576
316000000 620 621
317000000 661 662
318000000 694 693
319000000 734 733
320000000 763 762
321000000 789 788
322000000 817 816
323000000 854 851
324000000 893 890
325000000 925 923
326000000 953 951
327000000 992 989
328000000 1028 1025
329000000 1068 1064
330000000 1107 1105
331000000 1156 1152
332000000 1191 1189
333000000 1238 1236
334000000 1280 1278
335000000 1311 1309
336000000 1341 1338
337000000 1382 1380
338000000 1418 1415
339000000 1457 1454
340000000 1493 1490
341000000 1534 1530
342000000 1576 1572
343000000 1616 1612
344000000 1656 1652
345000000 1686 1682
346000000 1722 1718
347000000 1759 1756
348000000 1792 1789
349000000 1833 1829
350000000 1879 1875
351000000 1911 1908
352000000 1944 1940
353000000 1988 1983
354000000 2019 2015
355000000 2053 2049
356000000 2092 2087
357000000 2126 2121
358000000 2168 2164
359000000 2201 2197
360000000 2236 2233
361000000 2273 2270
362000000 2310 2306
363000000 2358 2354
364000000 2392 2389
365000000 2426 2424
366000000 2463 2461
367000000 2517 2514
368000000 2552 2548
369000000 2598 2594
370000000 2646 2642
371000000 2690 2687
372000000 2727 2725
373000000 2754 2753
374000000 2794 2791
375000000 2828 2825
376000000 2866 2864
377000000 2910 2908
378000000 2952 2950
379000000 2997 2997
380000000 3038 3038
381000000 3064 3065
382000000 3104 3106
383000000 3144 3147
384000000 3201 3203
385000000 3242 3242
386000000 3279 3279
387000000 3324 3323
388000000 3351 3352
389000000 3389 3390
390000000 3431 3433
391000000 3476 3477
392000000 3526 3526
393000000 3560 3561
394000000 3606 3608
395000000 3635 3638
396000000 3677 3678
397000000 3720 3719
398000000 3753 3752
399000000 3777 3776
400000000 3813 3811
