# Fix print output for fix saveBond
301000000 40 40
302000000 77 76
303000000 118 117
304000000 154 153
305000000 202 201
306000000 248 247
307000000 284 283
308000000 326 325
309000000 367 367
310000000 413 413
311000000 448 448
312000000 487 487
313000000 526 528
314000000 555 557
315000000 592 594
316000000 646 646
317000000 676 676
318000000 725 725
319000000 762 761
320000000 796 795
321000000 836 835
322000000 865 865
323000000 916 917
324000000 961 962
325000000 990 991
326000000 1042 1043
327000000 1082 1082
328000000 1120 1122
329000000 1162 1164
330000000 1205 1206
331000000 1243 1242
332000000 1286 1285
333000000 1323 1323
334000000 1363 1361
335000000 1397 1395
336000000 1438 1436
337000000 1483 1481
338000000 1521 1519
339000000 1565 1565
340000000 1612 1612
341000000 1655 1654
342000000 1694 1692
343000000 1736 1736
344000000 1781 1781
345000000 1826 1825
346000000 1868 1868
347000000 1913 1911
348000000 1951 1949
349000000 1995 1993
350000000 2025 2023
351000000 2057 2054
352000000 2096 2095
353000000 2135 2134
354000000 2171 2169
355000000 2216 2215
356000000 2258 2257
357000000 2303 2302
358000000 2354 2353
359000000 2400 2398
360000000 2429 2428
361000000 2459 2457
362000000 2503 2501
363000000 2553 2550
364000000 2594 2592
365000000 2632 2630
366000000 2671 2668
367000000 2702 2699
368000000 2743 2740
369000000 2779 2777
370000000 2820 2816
371000000 2859 2856
372000000 2893 2890
373000000 2930 2927
374000000 2976 2973
375000000 3009 3006
376000000 3046 3043
377000000 3094 3092
378000000 3136 3134
379000000 3169 3168
380000000 3199 3197
381000000 3241 3239
382000000 3282 3281
383000000 3332 3332
384000000 3377 3376
385000000 3424 3425
386000000 3453 3453
387000000 3492 3492
388000000 3540 3539
389000000 3573 3571
390000000 3613 3611
391000000 3648 3646
392000000 3686 3685
393000000 3733 3734
394000000 3773 3773
395000000 3802 3802
396000000 3844 3844
397000000 3881 3882
398000000 3925 3926
399000000 3965 3967
400000000 4020 4022
