# Fix print output for fix saveBond
301000000 37 36
302000000 76 77
303000000 113 113
304000000 150 149
305000000 178 177
306000000 213 212
307000000 267 265
308000000 308 306
309000000 344 342
310000000 374 373
311000000 416 414
312000000 456 454
313000000 499 499
314000000 547 546
315000000 595 594
316000000 631 628
317000000 666 663
318000000 707 704
319000000 743 740
320000000 790 788
321000000 836 833
322000000 873 871
323000000 910 908
324000000 955 953
325000000 990 989
326000000 1030 1028
327000000 1063 1061
328000000 1100 1098
329000000 1130 1129
330000000 1170 1168
331000000 1201 1197
332000000 1242 1238
333000000 1276 1272
334000000 1311 1307
335000000 1347 1345
336000000 1389 1386
337000000 1431 1429
338000000 1464 1464
339000000 1520 1518
340000000 1555 1555
341000000 1585 1583
342000000 1609 1608
343000000 1644 1641
344000000 1677 1676
345000000 1713 1713
346000000 1750 1750
347000000 1794 1794
348000000 1832 1831
349000000 1872 1871
350000000 1921 1921
351000000 1951 1951
352000000 1982 1980
353000000 2009 2007
354000000 2049 2047
355000000 2094 2092
356000000 2124 2121
357000000 2158 2155
358000000 2205 2202
359000000 2248 2245
360000000 2288 2286
361000000 2331 2328
362000000 2375 2373
363000000 2406 2404
364000000 2452 2450
365000000 2500 2497
366000000 2542 2539
367000000 2584 2581
368000000 2623 2621
369000000 2663 2661
370000000 2701 2700
371000000 2738 2738
372000000 2781 2780
373000000 2815 2815
374000000 2867 2865
375000000 2901 2900
376000000 2953 2951
377000000 3002 2999
378000000 3039 3036
379000000 3087 3085
380000000 3128 3125
381000000 3164 3162
382000000 3207 3205
383000000 3242 3239
384000000 3273 3270
385000000 3300 3298
386000000 3334 3334
387000000 3371 3371
388000000 3412 3411
389000000 3443 3440
390000000 3484 3482
391000000 3524 3522
392000000 3563 3561
393000000 3611 3609
394000000 3656 3654
395000000 3696 3693
396000000 3738 3735
397000000 3774 3772
398000000 3817 3816
399000000 3859 3856
400000000 3897 3894
