# Steps Temp KinEng PotEng Epair Ebond Eangle Bonds
301000000 307.42412928081029122 4580.9482979295198675 2836.2010743480173005 -1394.5880240255332865 1552.2531359131771751 2678.5359624603734119 5291
302000000 310.8302087877494273 4631.7025251804107029 2781.8634981724326281 -1359.6199578466166713 1507.4730651666482117 2634.0103908524006329 5290
303000000 308.31440193757555335 4594.21431260846839 2830.1162833566404515 -1400.8928859271691181 1543.7689319172463911 2687.2402373665627238 5292
304000000 305.60652054690257273 4553.8639839709012449 2972.455568262662382 -1381.1729158709981675 1643.1032980894842694 2710.5251860441758254 5292
305000000 313.04138892942012262 4664.6514740156844709 2904.5053152984864937 -1369.4335540160493565 1574.6651120416613594 2699.2737572728747182 5290
306000000 314.92380524675286324 4692.7014902751543559 2876.0650030629981302 -1390.2097914181736087 1601.5967448484343549 2664.6780496327373839 5293
307000000 303.55498861865112303 4523.2939642497522073 2907.9253340655909597 -1355.4916115313196769 1539.1284304150613025 2724.2885151818491067 5293
308000000 313.48865993027754939 4671.3162902579369984 2867.0079180167531376 -1387.368281729561204 1580.4139312161232738 2673.9622685301910678 5292
309000000 310.95547196096390508 4633.569080422747902 2847.9824771823991796 -1371.0723933620481603 1507.450182944063954 2711.6046876003833859 5293
310000000 310.12026200814420918 4621.1235589188445374 2795.2627654640637047 -1399.5704694991629822 1517.5736122778926074 2677.2596226853343069 5293
311000000 317.82585617412030388 4735.945152662127839 2842.676549973159581 -1338.6227900197839062 1527.7347727306034813 2653.5645672623395512 5293
312000000 306.84721801767398119 4572.3517031368364769 2833.4876744237153616 -1357.6220463301228847 1575.626783486721024 2615.4829372671169949 5292
313000000 315.70734883772541934 4704.3771277334644765 2877.1845273723338323 -1409.1982753632726144 1597.2018399182625217 2689.1809628173441524 5292
314000000 313.02670222593957305 4664.432626427276773 2824.815676678291311 -1405.8124569140361473 1540.4365006685648041 2690.1916329237619721 5291
315000000 310.38609883286829927 4625.084811903753689 2896.1036832601339484 -1379.4743177451316569 1563.9390052134176585 2711.6389957918481741 5292
316000000 312.23364815142281259 4652.6152725932670364 2862.3925349756991636 -1377.1264010606716965 1541.4607989157125303 2698.0581371206581025 5292
317000000 308.72816330489519032 4600.3797994744663811 2876.4917533253210422 -1388.0199895755904436 1568.7620124045583907 2695.7497304963535498 5292
318000000 312.25393584361211197 4652.9175809033558835 2944.5831613592017675 -1372.8725903900858611 1605.1361351274490517 2712.319616621838577 5291
319000000 312.12968766477382587 4651.0661501627000689 2752.5323940916709944 -1419.5811711782857856 1536.390106764178654 2635.723458505778126 5292
320000000 307.18287083873383381 4577.3532891311642743 2857.4607558282823447 -1386.599783079032477 1538.1736550628670557 2705.886883844447766 5293
321000000 315.14989394813306944 4696.0704537140090906 2871.1724093617217477 -1403.1211272729028678 1601.9730536896793183 2672.3204829449455247 5292
322000000 310.55822348110342546 4627.6496532394330643 2882.0074792756486204 -1444.5967767864510733 1558.5111576428585067 2768.0930984192409596 5293
323000000 306.77875875496107483 4571.3315869093439687 2842.5018870818130381 -1412.0824450396060001 1570.777151500491982 2683.8071806209272836 5293
324000000 311.87190426053990677 4647.2249017557433035 2909.7491819947772456 -1365.5086190942256508 1551.1607830697712416 2724.0970180192325643 5291
325000000 315.47771452754432175 4700.9553309316606828 2918.6940241413467447 -1389.4173683305070881 1551.1172820864157984 2756.9941103854380344 5292
326000000 301.89377095747806834 4498.5400445257409956 2921.9231619841630163 -1329.3517889984600515 1593.8555881465294988 2657.4193628360935691 5292
327000000 320.39113363400718981 4774.1705302246409701 2882.4338101287289646 -1410.5060877741957484 1546.3857095318803658 2746.5541883710438924 5290
328000000 310.05622374381306372 4620.1693202952319552 2838.7250659772357722 -1426.071829650672953 1556.5111512015557764 2708.2857444263527213 5291
329000000 313.3991730962618476 4669.9828407303075437 2857.9422887969585645 -1379.3582779503426536 1549.2968778913734695 2688.003688855927976 5292
330000000 307.83671268724873471 4587.0962319186301102 2957.1095341486743564 -1364.4972865540294151 1619.0079913257161479 2702.5988293769869415 5293
331000000 302.25195369532036693 4503.8773503745205744 2889.3085782474345251 -1408.3533070365101594 1610.8373650535527304 2686.8245202303924088 5293
332000000 310.56984335812802556 4627.8228018338595575 2917.7487124730178039 -1381.5424639866171219 1571.4629977111890184 2727.82817874844568 5294
333000000 311.52800543532748634 4642.1004414809358423 2749.2105525782003497 -1382.1298625720191922 1476.4522612428759203 2654.8881539073436215 5293
334000000 301.34447397221634901 4490.3549320052006806 2904.5108549035257965 -1380.1682522211417563 1552.9752099055301642 2731.703897219137616 5294
335000000 309.44639272067325919 4611.0821858727904328 2843.7673223452043203 -1405.1959251186701749 1535.3258823513876905 2713.6373651124868047 5295
336000000 307.42703058786418069 4580.9915305073964191 2960.9218714600410749 -1324.099489597180991 1596.3084374839638713 2688.7129235732581947 5294
337000000 310.75949848259341479 4630.6488660131608412 2931.3070971491497403 -1348.4726254474683174 1523.3379440975322723 2756.441778499085558 5292
338000000 298.85916532704442261 4453.3211753037858216 2924.2335147044982477 -1360.3992456175506049 1563.5912114599300367 2721.041548862118816 5293
339000000 310.48148386145686572 4626.5061508382841566 2866.4679581371756285 -1411.5575216773381726 1574.6851806883187237 2703.3402991261950774 5294
340000000 309.73849873280613565 4615.4348778434095948 2890.3268024239341685 -1351.680828458373071 1571.8126985997080283 2670.1949322825998934 5293
341000000 312.83277869254499137 4661.5429583901232036 2861.5021357322457334 -1341.196556474050567 1554.9117300159364277 2647.7869621903601001 5293
342000000 309.88596128191375101 4617.6322275274542335 2903.1242670010451548 -1403.6103687987624653 1520.9038628580269688 2785.8307729417801966 5292
343000000 308.34416888876012308 4594.6578720150846493 2858.057505740976012 -1412.9906141350752478 1556.8117350550078299 2714.2363848210434298 5291
344000000 316.29865689679672869 4713.188250182088268 2886.1594362378446021 -1358.293377206955256 1545.8524851401039086 2698.6003283046961769 5291
345000000 310.45973164146352019 4626.1820194976899074 2886.7855046540535113 -1379.6691969698729281 1550.032729234381577 2716.4219723895448624 5290
346000000 309.02339023934536044 4604.7789965252522961 2941.6705467340625546 -1375.9128243707914407 1601.6831892269101445 2715.9001818779443056 5292
347000000 312.82990237442146508 4661.5000981740331554 2843.1467961726903013 -1380.4502661671283477 1561.303856556581195 2662.2932057832376813 5288
348000000 312.20607432203428289 4652.2043930468234976 2813.7313075996908083 -1400.5821632158499597 1534.4237265196206863 2679.8897442959205364 5290
349000000 312.98430504084228687 4663.8008630280837679 2859.5568434522720054 -1399.8645479335011714 1527.3456191064165068 2732.0757722793568973 5290
350000000 299.12475948385826996 4457.2788122773145005 2899.9001198082432893 -1348.1480451543739036 1571.7645529943827114 2676.2836119682351637 5291
351000000 308.94624659295175206 4603.6294736934896719 2866.5521152051146601 -1386.9688862929256175 1557.91002872058516 2695.6109727774555722 5292
352000000 311.44613299362555381 4640.8804545419170609 2862.6096957134523109 -1366.0174162099992827 1559.7417606280389464 2668.8853512954124199 5292
353000000 312.94894382101932706 4663.2739430360206825 2883.9243572625136949 -1360.7767669820050287 1531.5352421578163558 2713.1658820867032773 5292
354000000 310.87612088414834943 4632.3866645169846379 2926.7061491281283452 -1359.3075815279848939 1579.347507913581012 2706.6662227425322271 5293
355000000 309.76812570599184937 4615.8763514281454263 2880.2261654489184366 -1385.8033943462237403 1589.6144979983807843 2676.4150617967616199 5293
356000000 306.7010641273877809 4570.1738538687632172 2863.6956340004780941 -1390.5511108531982245 1530.475747519061315 2723.7709973346154584 5293
357000000 307.04693339611645797 4575.3276758592337501 2904.2218246082311452 -1383.1192579978676349 1572.5469330433927553 2714.7941495627060249 5292
358000000 310.82954197345912917 4631.6925889343674498 2873.356585643895869 -1384.15244990278552 1578.5552886663404024 2678.9537468803409865 5293
359000000 314.02072759278479452 4679.2446674437087495 2783.9672593210743798 -1446.6141262857875063 1518.7217528028750166 2711.8596328039870968 5294
360000000 308.56789734149941751 4597.9916652250458355 2935.4411736185902555 -1368.1929533531599645 1585.4940709258557945 2718.1400560458946529 5294
361000000 309.65214608964834042 4614.1481311113921038 2889.3070831653421919 -1392.5162552226238404 1566.369655637903179 2715.4536827500623986 5294
362000000 311.09024900643368028 4635.5774025362043176 2920.2826256997600467 -1390.6918164454868929 1595.0611119692796365 2715.9133301759675305 5293
363000000 316.26009081677659651 4712.6135743456816272 2815.8053692710091127 -1368.8979654571580795 1500.8697464447172933 2683.8335882834498989 5292
364000000 317.40503386403088371 4729.674450197605438 2845.7325991342363523 -1369.6494373737614296 1556.0819916274344905 2659.3000448805632914 5293
365000000 310.52466063854717504 4627.1495309919000647 2885.3477832790263164 -1388.7694866905330855 1556.7062087536592117 2717.411061215900645 5293
366000000 309.10021062729674668 4605.9237024605199622 2813.0030605899314651 -1338.5812630552027258 1499.475950272063983 2652.1083733730692984 5293
367000000 308.44646860838997782 4596.1822472409767215 2901.4613638163677933 -1347.3211515481011702 1572.2342038733506797 2676.5483114911185112 5293
368000000 311.4331665278147625 4640.6872403344796112 2797.2557021251477636 -1338.4866916707169366 1535.3105920677262475 2600.4318017281384527 5292
369000000 305.10556679124391621 4546.3992372716284081 2869.0812441466023301 -1327.566744381184435 1558.1544680055797016 2638.4935205222072909 5293
370000000 312.91066791929097235 4662.7035911664897867 2871.9309560297429016 -1351.257026266518551 1564.041703803515702 2659.1462784927452958 5293
371000000 310.34072633910551531 4624.4087132235308673 2892.9191134934617367 -1370.6313459480215897 1544.4021386717297446 2719.1483207697533544 5294
372000000 305.08748535984722139 4546.1298046068122858 2848.2570393812302427 -1354.1836838251438166 1549.6739614072694167 2652.7667617991046427 5294
373000000 312.12605852476912105 4651.0120720954819262 2874.3206745077195592 -1328.1840098766863321 1498.3603915412491006 2704.1442928431570181 5294
374000000 309.28668810722558646 4608.7024163379264792 2906.5258424009525697 -1367.7205208851564748 1564.0209110525656797 2710.2254522335433649 5294
375000000 309.77054500869411413 4615.912401625707389 2880.430825317601375 -1395.2291962342249008 1543.4739622053166386 2732.1860593465098646 5294
376000000 307.27794568219559324 4578.770005975580716 2950.5347824674536241 -1346.7324270792310017 1537.1503045627246138 2760.116904983960012 5294
377000000 308.39267895762463922 4595.3807239197722083 2930.4926935934090579 -1361.625924341744394 1549.2989544600832232 2742.8196634750702287 5294
378000000 304.34441396669808455 4535.0572461786568965 2754.3761153791460856 -1377.9150502752477223 1512.2799012033308372 2620.0112644510631981 5294
379000000 305.90172717376827904 4558.2628784169610299 2911.5192482688748896 -1368.7330263264534551 1550.5932109195518933 2729.6590636757764514 5294
380000000 305.05550152545964693 4545.6532112696468175 2914.0292548344555144 -1416.7197326561288264 1547.5759527966451969 2783.1730346939393712 5293
381000000 307.63660566184012168 4584.1144232375945649 2831.3717293068707477 -1380.4119151468157725 1540.3036524995268337 2671.4799919541601412 5294
382000000 308.60219724816823827 4598.5027705161019185 2877.5074873212697639 -1337.4448912590903547 1584.4436500441208864 2630.5087285362387775 5294
383000000 304.51892750598489101 4537.6576845457811942 2819.6276682559146138 -1378.8934278404799443 1561.1991560545288849 2637.3219400418656733 5293
384000000 312.19436178878618193 4652.0298637755759046 2904.0267046118551661 -1368.1267764099834494 1569.8083457767384061 2702.3451352450997547 5294
385000000 310.12456686356824775 4621.1877058684467556 2929.3777587013078119 -1383.2327264345108233 1606.5075786952431827 2706.1029064405747704 5294
386000000 307.83877601250941325 4587.1269776716171691 2864.0137564503415888 -1371.111201413379149 1535.6600354017523387 2699.4649224619683991 5294
387000000 314.55833022366340401 4687.2555215775309989 2943.8274709763754799 -1341.6290213119132204 1572.9420609755973146 2712.5144313126911584 5294
388000000 307.00983049062142527 4574.7748028880287166 2878.6375420353706431 -1349.9781380501399326 1562.9864541608174022 2665.6292259246929461 5294
389000000 309.08826111192888675 4605.74564190224919 2866.4948999385414936 -1396.7483171626763578 1546.5822705041512108 2716.660946597066868 5293
390000000 312.3734515974094279 4654.6984934498577786 2975.3452741616065396 -1385.6732745682857058 1576.4465105937706539 2784.5720381361220461 5293
391000000 306.33408213181479596 4564.7054296695187077 2800.2999348260018451 -1401.1575421426102821 1513.4976879341245422 2687.959789034487585 5293
392000000 306.51961272095485356 4567.4700338615293731 2931.924103084556009 -1356.2871207550256258 1546.4520573588379193 2741.7591664807437155 5294
393000000 314.48395944887363385 4686.1473174980856129 2895.959322242737926 -1328.5185173760719408 1552.8081656270583153 2671.6696739917520063 5294
394000000 311.78815042294161231 4645.9768800058291163 2864.9552649874344752 -1347.9396915928914495 1546.5063724052279213 2666.3885841750980035 5294
395000000 308.52757073375181562 4597.3907556427211603 2894.2300745520587952 -1384.4090734377566605 1548.8098671156615183 2729.8292808741534827 5294
396000000 311.95744776470843362 4648.4995914514947799 2913.9554041420124122 -1357.2576667146188356 1618.7790704923261274 2652.4340003643055752 5295
397000000 308.98174927810498502 4604.1585016702629218 2802.5649447769692415 -1412.744905188934581 1538.4278462084084822 2676.8820037574951129 5294
398000000 307.85143130527256972 4587.3155550678638974 2855.8776462686764717 -1350.8889046910794605 1544.0581138538627783 2662.708437105892699 5291
399000000 317.88260815788368063 4736.7908179130408826 2972.6405096150238023 -1364.9769548811973436 1599.2300328282408373 2738.3874316679803087 5292
400000000 304.37399066473511766 4535.4979706099111354 2892.2690653042914164 -1379.0133023091711948 1541.4614933798793572 2729.8208742335827992 5293
