4.166e+02
4.175e+02
4.165e+02
4.129e+02
4.147e+02
4.167e+02
4.162e+02
4.147e+02
4.119e+02
4.129e+02
4.126e+02
4.124e+02
4.182e+02
4.148e+02
4.144e+02
4.164e+02
4.157e+02
4.143e+02
4.151e+02
4.147e+02
4.139e+02
4.139e+02
4.141e+02
4.140e+02
4.131e+02
4.143e+02
4.159e+02
4.135e+02
4.131e+02
4.109e+02
4.146e+02
4.104e+02
4.140e+02
4.106e+02
4.162e+02
4.149e+02
4.176e+02
4.167e+02
4.131e+02
4.098e+02
4.155e+02
4.130e+02
4.100e+02
4.124e+02
4.141e+02
4.156e+02
4.147e+02
4.165e+02
4.137e+02
4.142e+02
4.116e+02
4.115e+02
4.108e+02
4.108e+02
4.106e+02
4.109e+02
4.100e+02
4.107e+02
4.140e+02
4.114e+02
4.130e+02
4.146e+02
4.119e+02
4.137e+02
4.138e+02
4.105e+02
4.112e+02
4.122e+02
4.141e+02
4.144e+02
4.159e+02
4.113e+02
4.092e+02
4.155e+02
4.111e+02
4.149e+02
4.131e+02
4.117e+02
4.152e+02
4.091e+02
4.115e+02
4.101e+02
4.126e+02
4.140e+02
4.097e+02
4.135e+02
4.147e+02
4.127e+02
4.121e+02
4.138e+02
4.134e+02
4.141e+02
4.153e+02
4.138e+02
4.115e+02
4.132e+02
4.127e+02
4.134e+02
4.140e+02
4.163e+02
