# Fix print output for fix saveBond
301000000 3161 3180
302000000 6413 6419
303000000 9901 9915
304000000 13224 13235
305000000 16567 16571
306000000 19918 19925
307000000 23198 23203
308000000 26410 26416
309000000 29671 29687
310000000 32877 32889
311000000 36167 36177
312000000 39463 39476
313000000 42799 42811
314000000 46163 46169
315000000 49491 49499
316000000 52883 52890
317000000 56342 56353
318000000 59723 59728
319000000 63032 63039
320000000 66258 66270
321000000 69582 69594
322000000 72747 72756
323000000 75996 76006
324000000 79201 79210
325000000 82497 82509
326000000 85791 85797
327000000 89096 89099
328000000 92380 92390
329000000 95776 95780
330000000 99139 99152
331000000 102507 102524
332000000 105751 105764
333000000 109099 109110
334000000 112331 112351
335000000 115481 115495
336000000 118698 118703
337000000 122029 122033
338000000 125341 125345
339000000 128562 128574
340000000 131870 131889
341000000 135194 135206
342000000 138492 138505
343000000 141722 141744
344000000 145041 145040
345000000 148277 148288
346000000 151647 151655
347000000 154956 154960
348000000 158289 158301
349000000 161622 161633
350000000 164917 164924
351000000 168205 168212
352000000 171465 171485
353000000 174655 174678
354000000 177965 177978
355000000 181125 181136
356000000 184479 184490
357000000 187769 187786
358000000 191014 191030
359000000 194385 194390
360000000 197708 197711
361000000 201083 201096
362000000 204398 204415
363000000 207709 207719
364000000 210953 210977
365000000 214227 214238
366000000 217434 217446
367000000 220811 220825
368000000 224072 224090
369000000 227346 227363
370000000 230540 230559
371000000 233757 233759
372000000 236940 236949
373000000 240296 240318
374000000 243558 243572
375000000 246844 246856
376000000 250140 250154
377000000 253374 253387
378000000 256554 256571
379000000 259782 259797
380000000 262916 262938
381000000 266302 266320
382000000 269551 269562
383000000 272926 272944
384000000 276165 276181
385000000 279393 279419
386000000 282588 282603
387000000 285957 285960
388000000 289308 289321
389000000 292675 292688
390000000 295905 295925
391000000 299198 299215
392000000 302576 302590
393000000 305876 305891
394000000 309213 309232
395000000 312365 312381
396000000 315569 315588
397000000 318808 318825
398000000 322136 322149
399000000 325372 325400
400000000 328659 328677
