# Fix print output for fix saveBond
301000000 3387 3390
302000000 6770 6778
303000000 10060 10065
304000000 13392 13399
305000000 16661 16668
306000000 19966 19979
307000000 23309 23317
308000000 26592 26605
309000000 29838 29844
310000000 33079 33091
311000000 36405 36409
312000000 39742 39769
313000000 42933 42939
314000000 46176 46189
315000000 49542 49561
316000000 52925 52929
317000000 56233 56235
318000000 59562 59562
319000000 62847 62860
320000000 66123 66135
321000000 69372 69384
322000000 72636 72646
323000000 75948 75968
324000000 79227 79240
325000000 82482 82487
326000000 85843 85861
327000000 88976 88991
328000000 92262 92271
329000000 95576 95592
330000000 98912 98916
331000000 102189 102205
332000000 105411 105431
333000000 108603 108623
334000000 111814 111832
335000000 115072 115089
336000000 118250 118265
337000000 121468 121483
338000000 124716 124726
339000000 127988 128006
340000000 131182 131205
341000000 134339 134351
342000000 137623 137634
343000000 140980 140998
344000000 144196 144214
345000000 147488 147501
346000000 150717 150729
347000000 154001 154012
348000000 157250 157254
349000000 160570 160582
350000000 163877 163880
351000000 167273 167295
352000000 170487 170507
353000000 173813 173842
354000000 176969 176991
355000000 180244 180249
356000000 183453 183472
357000000 186668 186688
358000000 189889 189908
359000000 193050 193064
360000000 196188 196204
361000000 199391 199404
362000000 202663 202674
363000000 205913 205927
364000000 209262 209277
365000000 212475 212491
366000000 215876 215891
367000000 219071 219083
368000000 222315 222328
369000000 225589 225605
370000000 228886 228900
371000000 232138 232142
372000000 235478 235495
373000000 238835 238848
374000000 241957 241977
375000000 245117 245148
376000000 248407 248429
377000000 251654 251678
378000000 254808 254827
379000000 258053 258072
380000000 261286 261306
381000000 264530 264549
382000000 267724 267740
383000000 270948 270967
384000000 274130 274145
385000000 277488 277508
386000000 280832 280845
387000000 284174 284194
388000000 287585 287591
389000000 290832 290852
390000000 294136 294156
391000000 297435 297453
392000000 300676 300691
393000000 303849 303867
394000000 307200 307201
395000000 310525 310544
396000000 313683 313697
397000000 316913 316930
398000000 320073 320090
399000000 323408 323425
400000000 326637 326654
