# Fix print output for fix saveBond
301000000 3265 3274
302000000 6566 6585
303000000 9983 9986
304000000 13246 13250
305000000 16572 16572
306000000 19937 19935
307000000 23187 23197
308000000 26586 26589
309000000 29978 29990
310000000 33364 33370
311000000 36625 36637
312000000 39914 39927
313000000 43160 43168
314000000 46431 46444
315000000 49736 49746
316000000 52968 52972
317000000 56229 56229
318000000 59526 59549
319000000 62888 62897
320000000 66188 66201
321000000 69354 69376
322000000 72534 72553
323000000 75916 75925
324000000 79159 79169
325000000 82401 82414
326000000 85588 85600
327000000 88841 88848
328000000 92145 92163
329000000 95323 95339
330000000 98669 98681
331000000 101922 101920
332000000 105300 105314
333000000 108571 108582
334000000 111916 111925
335000000 115112 115122
336000000 118388 118411
337000000 121580 121595
338000000 124934 124940
339000000 128249 128258
340000000 131497 131514
341000000 134778 134786
342000000 138053 138066
343000000 141346 141364
344000000 144495 144504
345000000 147891 147901
346000000 151257 151264
347000000 154590 154594
348000000 157887 157901
349000000 161231 161241
350000000 164475 164492
351000000 167780 167800
352000000 171148 171170
353000000 174430 174449
354000000 177669 177681
355000000 181026 181043
356000000 184233 184252
357000000 187419 187432
358000000 190686 190704
359000000 193964 193976
360000000 197246 197269
361000000 200573 200587
362000000 203994 204007
363000000 207415 207436
364000000 210779 210788
365000000 214070 214088
366000000 217338 217349
367000000 220531 220555
368000000 223733 223753
369000000 226915 226930
370000000 230206 230215
371000000 233608 233620
372000000 236852 236871
373000000 240225 240246
374000000 243362 243379
375000000 246678 246697
376000000 249935 249945
377000000 253255 253273
378000000 256559 256577
379000000 259842 259852
380000000 263158 263170
381000000 266393 266404
382000000 269664 269681
383000000 272913 272926
384000000 276263 276278
385000000 279458 279482
386000000 282711 282732
387000000 285854 285869
388000000 289199 289209
389000000 292429 292444
390000000 295809 295819
391000000 299102 299115
392000000 302321 302332
393000000 305660 305675
394000000 308991 308996
395000000 312311 312312
396000000 315712 315723
397000000 319052 319058
398000000 322395 322413
399000000 325699 325709
400000000 329011 329023
