# Fix print output for fix saveBond
301000000 3370 3383
302000000 6647 6654
303000000 9858 9863
304000000 13175 13187
305000000 16514 16530
306000000 19731 19747
307000000 23096 23103
308000000 26367 26373
309000000 29757 29771
310000000 33032 33043
311000000 36337 36352
312000000 39629 39639
313000000 42979 42980
314000000 46440 46441
315000000 49740 49745
316000000 53100 53113
317000000 56345 56353
318000000 59618 59626
319000000 62967 62981
320000000 66236 66239
321000000 69488 69492
322000000 72826 72836
323000000 76152 76156
324000000 79527 79537
325000000 82806 82820
326000000 86121 86131
327000000 89400 89417
328000000 92642 92650
329000000 95915 95920
330000000 99193 99198
331000000 102483 102485
332000000 105719 105737
333000000 109030 109045
334000000 112308 112326
335000000 115564 115569
336000000 118801 118811
337000000 122157 122156
338000000 125501 125512
339000000 128823 128835
340000000 132034 132047
341000000 135381 135392
342000000 138826 138835
343000000 142189 142197
344000000 145425 145441
345000000 148574 148588
346000000 151880 151890
347000000 155186 155199
348000000 158440 158440
349000000 161723 161729
350000000 164956 164963
351000000 168309 168313
352000000 171620 171622
353000000 174987 174993
354000000 178268 178295
355000000 181484 181500
356000000 184730 184730
357000000 188032 188044
358000000 191269 191280
359000000 194613 194626
360000000 198030 198031
361000000 201289 201304
362000000 204505 204515
363000000 207801 207803
364000000 211095 211101
365000000 214334 214336
366000000 217641 217644
367000000 220917 220923
368000000 224200 224206
369000000 227456 227459
370000000 230969 230977
371000000 234368 234375
372000000 237674 237683
373000000 240930 240946
374000000 244156 244169
375000000 247460 247481
376000000 250601 250616
377000000 253976 253987
378000000 257286 257300
379000000 260648 260650
380000000 263991 263998
381000000 267341 267353
382000000 270658 270669
383000000 273916 273926
384000000 277259 277273
385000000 280476 280491
386000000 283936 283944
387000000 287231 287242
388000000 290545 290564
389000000 293992 294000
390000000 297325 297339
391000000 300534 300540
392000000 303765 303785
393000000 307093 307098
394000000 310394 310409
395000000 313804 313820
396000000 317117 317123
397000000 320278 320286
398000000 323580 323590
399000000 326813 326821
400000000 330008 330003
