# Fix print output for fix saveBond
301000000 3184 3190
302000000 6466 6472
303000000 9675 9688
304000000 13002 13019
305000000 16185 16205
306000000 19542 19557
307000000 22931 22943
308000000 26174 26189
309000000 29373 29393
310000000 32666 32681
311000000 35887 35912
312000000 39090 39112
313000000 42368 42377
314000000 45593 45615
315000000 48894 48903
316000000 52294 52293
317000000 55494 55492
318000000 58795 58798
319000000 62109 62106
320000000 65407 65416
321000000 68674 68680
322000000 72018 72024
323000000 75297 75298
324000000 78498 78503
325000000 81901 81909
326000000 85363 85370
327000000 88609 88620
328000000 91888 91900
329000000 95210 95227
330000000 98481 98501
331000000 101806 101809
332000000 105117 105138
333000000 108228 108243
334000000 111477 111487
335000000 114753 114762
336000000 118168 118181
337000000 121474 121484
338000000 124862 124874
339000000 128108 128123
340000000 131463 131481
341000000 134758 134765
342000000 138043 138059
343000000 141313 141331
344000000 144560 144575
345000000 147802 147814
346000000 151042 151048
347000000 154276 154284
348000000 157675 157685
349000000 161025 161043
350000000 164214 164244
351000000 167481 167507
352000000 170745 170760
353000000 174005 174023
354000000 177267 177286
355000000 180484 180501
356000000 183740 183753
357000000 187022 187040
358000000 190389 190403
359000000 193723 193738
360000000 196962 196981
361000000 200238 200246
362000000 203470 203488
363000000 206634 206659
364000000 209928 209935
365000000 213230 213246
366000000 216549 216563
367000000 219870 219885
368000000 223097 223109
369000000 226452 226468
370000000 229629 229646
371000000 232991 232998
372000000 236329 236342
373000000 239683 239693
374000000 242947 242959
375000000 246234 246245
376000000 249557 249570
377000000 252854 252868
378000000 256037 256059
379000000 259214 259226
380000000 262437 262456
381000000 265666 265680
382000000 268947 268972
383000000 272205 272216
384000000 275441 275456
385000000 278729 278749
386000000 282083 282094
387000000 285495 285504
388000000 288791 288804
389000000 292148 292163
390000000 295443 295451
391000000 298771 298775
392000000 302133 302140
393000000 305407 305427
394000000 308641 308655
395000000 311961 311983
396000000 315158 315177
397000000 318412 318437
398000000 321758 321771
399000000 325032 325033
400000000 328310 328327
