# Fix print output for fix saveBond
301000000 3321 3329
302000000 6665 6666
303000000 9946 9956
304000000 13271 13281
305000000 16630 16645
306000000 19939 19946
307000000 23206 23216
308000000 26559 26570
309000000 29840 29860
310000000 33117 33124
311000000 36354 36367
312000000 39627 39641
313000000 42890 42897
314000000 46297 46309
315000000 49551 49564
316000000 52820 52826
317000000 56049 56057
318000000 59359 59372
319000000 62719 62718
320000000 66125 66132
321000000 69474 69480
322000000 72845 72863
323000000 76241 76242
324000000 79630 79631
325000000 82923 82924
326000000 86185 86192
327000000 89609 89612
328000000 92986 92989
329000000 96380 96392
330000000 99751 99769
331000000 103166 103177
332000000 106376 106392
333000000 109730 109749
334000000 112966 112984
335000000 116126 116137
336000000 119389 119392
337000000 122744 122746
338000000 126093 126099
339000000 129354 129362
340000000 132623 132644
341000000 135880 135894
342000000 139101 139104
343000000 142336 142343
344000000 145635 145654
345000000 148984 148992
346000000 152263 152287
347000000 155496 155510
348000000 158730 158744
349000000 161969 161982
350000000 165158 165178
351000000 168326 168346
352000000 171600 171613
353000000 174894 174899
354000000 178237 178247
355000000 181492 181504
356000000 184810 184820
357000000 188083 188094
358000000 191344 191355
359000000 194698 194704
360000000 197947 197963
361000000 201217 201223
362000000 204604 204607
363000000 207887 207899
364000000 211203 211219
365000000 214425 214440
366000000 217799 217819
367000000 221090 221099
368000000 224423 224425
369000000 227743 227743
370000000 231168 231159
371000000 234608 234613
372000000 237897 237908
373000000 241118 241132
374000000 244444 244448
375000000 247794 247805
376000000 251129 251138
377000000 254466 254462
378000000 257905 257907
379000000 261238 261235
380000000 264652 264666
381000000 267974 267981
382000000 271234 271249
383000000 274608 274622
384000000 277839 277849
385000000 281194 281199
386000000 284406 284417
387000000 287729 287741
388000000 290988 290999
389000000 294364 294373
390000000 297706 297709
391000000 300998 301008
392000000 304297 304296
393000000 307590 307593
394000000 310876 310887
395000000 314227 314229
396000000 317542 317557
397000000 320863 320875
398000000 324108 324117
399000000 327379 327383
400000000 330700 330702
