# Fix print output for fix saveBond
301000000 3305 3320
302000000 6544 6550
303000000 9835 9851
304000000 13154 13156
305000000 16400 16415
306000000 19748 19754
307000000 23125 23136
308000000 26425 26435
309000000 29720 29726
310000000 33102 33117
311000000 36402 36409
312000000 39751 39758
313000000 43058 43062
314000000 46391 46404
315000000 49711 49714
316000000 52920 52931
317000000 56255 56273
318000000 59491 59507
319000000 62741 62753
320000000 65991 65996
321000000 69261 69267
322000000 72599 72609
323000000 75887 75906
324000000 79174 79191
325000000 82421 82445
326000000 85764 85778
327000000 88994 89010
328000000 92342 92357
329000000 95608 95629
330000000 98845 98869
331000000 102129 102149
332000000 105415 105431
333000000 108797 108809
334000000 112050 112067
335000000 115309 115323
336000000 118608 118622
337000000 121919 121933
338000000 125261 125269
339000000 128557 128576
340000000 131761 131777
341000000 135138 135152
342000000 138435 138453
343000000 141777 141790
344000000 145111 145123
345000000 148489 148500
346000000 151810 151821
347000000 155117 155121
348000000 158372 158392
349000000 161694 161709
350000000 165015 165011
351000000 168365 168376
352000000 171716 171726
353000000 175027 175047
354000000 178180 178195
355000000 181270 181294
356000000 184494 184512
357000000 187785 187798
358000000 191019 191040
359000000 194310 194323
360000000 197571 197591
361000000 200868 200886
362000000 204087 204088
363000000 207507 207506
364000000 210733 210742
365000000 214059 214078
366000000 217286 217303
367000000 220609 220627
368000000 223881 223890
369000000 227100 227107
370000000 230376 230379
371000000 233796 233807
372000000 237071 237090
373000000 240337 240349
374000000 243632 243632
375000000 246931 246941
376000000 250301 250308
377000000 253625 253645
378000000 256880 256900
379000000 260163 260178
380000000 263495 263511
381000000 266765 266782
382000000 270026 270035
383000000 273327 273332
384000000 276643 276655
385000000 280045 280054
386000000 283414 283424
387000000 286694 286713
388000000 290009 290026
389000000 293386 293400
390000000 296819 296822
391000000 300172 300182
392000000 303526 303534
393000000 306823 306827
394000000 310197 310202
395000000 313515 313529
396000000 316877 316888
397000000 320256 320268
398000000 323539 323539
399000000 326851 326859
400000000 330115 330126
