# Fix print output for fix saveBond
301000000 3371 3370
302000000 6673 6679
303000000 9957 9963
304000000 13134 13157
305000000 16567 16574
306000000 20035 20038
307000000 23416 23414
308000000 26650 26660
309000000 30094 30102
310000000 33379 33392
311000000 36676 36685
312000000 39982 39983
313000000 43262 43271
314000000 46483 46490
315000000 49644 49668
316000000 52774 52794
317000000 56101 56117
318000000 59286 59313
319000000 62615 62627
320000000 65880 65899
321000000 69224 69239
322000000 72465 72477
323000000 75719 75737
324000000 78983 79000
325000000 82326 82337
326000000 85674 85682
327000000 88979 88989
328000000 92188 92205
329000000 95584 95592
330000000 98835 98861
331000000 102039 102054
332000000 105324 105339
333000000 108569 108576
334000000 111896 111901
335000000 115261 115264
336000000 118599 118608
337000000 121871 121873
338000000 125313 125326
339000000 128714 128722
340000000 132110 132125
341000000 135386 135388
342000000 138604 138611
343000000 141932 141942
344000000 145310 145312
345000000 148587 148608
346000000 151781 151790
347000000 155085 155098
348000000 158342 158348
349000000 161609 161614
350000000 164928 164937
351000000 168197 168208
352000000 171543 171551
353000000 174862 174869
354000000 178199 178214
355000000 181412 181424
356000000 184659 184671
357000000 187929 187944
358000000 191425 191433
359000000 194745 194749
360000000 198042 198050
361000000 201374 201379
362000000 204677 204687
363000000 207979 207994
364000000 211350 211350
365000000 214629 214630
366000000 217811 217839
367000000 221094 221101
368000000 224356 224367
369000000 227633 227642
370000000 231008 231022
371000000 234280 234299
372000000 237598 237607
373000000 240895 240904
374000000 244117 244124
375000000 247510 247520
376000000 250763 250765
377000000 254021 254030
378000000 257432 257428
379000000 260627 260634
380000000 263837 263859
381000000 267059 267075
382000000 270301 270326
383000000 273585 273597
384000000 276893 276901
385000000 280108 280122
386000000 283300 283317
387000000 286616 286624
388000000 289852 289863
389000000 293119 293129
390000000 296342 296356
391000000 299580 299602
392000000 302700 302713
393000000 305908 305912
394000000 309257 309274
395000000 312560 312580
396000000 315910 315918
397000000 319274 319278
398000000 322646 322647
399000000 325942 325950
400000000 329303 329298
