# Fix print output for fix saveBond
301000000 3512 3521
302000000 6696 6707
303000000 9940 9947
304000000 13159 13169
305000000 16521 16528
306000000 19912 19914
307000000 23246 23250
308000000 26431 26449
309000000 29638 29652
310000000 32910 32922
311000000 36093 36105
312000000 39358 39367
313000000 42692 42694
314000000 46062 46067
315000000 49427 49427
316000000 52792 52796
317000000 56129 56135
318000000 59504 59509
319000000 62886 62898
320000000 66179 66187
321000000 69487 69502
322000000 72757 72767
323000000 75961 75979
324000000 79307 79317
325000000 82540 82549
326000000 85854 85864
327000000 89064 89064
328000000 92474 92486
329000000 95761 95777
330000000 99020 99034
331000000 102310 102329
332000000 105634 105637
333000000 108939 108940
334000000 112315 112323
335000000 115767 115764
336000000 119098 119099
337000000 122484 122494
338000000 125804 125814
339000000 129213 129219
340000000 132514 132514
341000000 135949 135955
342000000 139308 139323
343000000 142635 142648
344000000 145947 145960
345000000 149176 149177
346000000 152483 152488
347000000 155810 155826
348000000 159117 159121
349000000 162393 162406
350000000 165757 165764
351000000 169026 169045
352000000 172402 172415
353000000 175723 175733
354000000 179056 179059
355000000 182311 182322
356000000 185639 185658
357000000 188972 188981
358000000 192332 192340
359000000 195567 195574
360000000 198848 198859
361000000 202052 202069
362000000 205374 205378
363000000 208702 208718
364000000 212017 212034
365000000 215370 215377
366000000 218715 218726
367000000 221939 221957
368000000 225128 225149
369000000 228375 228390
370000000 231648 231666
371000000 235005 235016
372000000 238368 238384
373000000 241557 241586
374000000 244784 244792
375000000 247950 247963
376000000 251162 251176
377000000 254450 254461
378000000 257678 257694
379000000 260978 260994
380000000 264171 264191
381000000 267349 267366
382000000 270687 270700
383000000 274036 274053
384000000 277384 277394
385000000 280839 280851
386000000 284098 284103
387000000 287295 287304
388000000 290581 290599
389000000 293874 293886
390000000 297173 297193
391000000 300404 300416
392000000 303642 303652
393000000 306920 306930
394000000 310171 310189
395000000 313429 313446
396000000 316772 316779
397000000 320048 320058
398000000 323337 323355
399000000 326574 326590
400000000 329792 329803
