# Fix print output for fix saveBond
301000000 3284 3287
302000000 6618 6623
303000000 9906 9912
304000000 13134 13159
305000000 16501 16513
306000000 19791 19807
307000000 23073 23096
308000000 26227 26238
309000000 29405 29420
310000000 32823 32841
311000000 36106 36123
312000000 39369 39379
313000000 42700 42710
314000000 46039 46049
315000000 49393 49408
316000000 52574 52592
317000000 55793 55819
318000000 59086 59093
319000000 62369 62393
320000000 65605 65620
321000000 68893 68906
322000000 72181 72188
323000000 75521 75530
324000000 78846 78864
325000000 82096 82118
326000000 85398 85413
327000000 88657 88666
328000000 91911 91922
329000000 95216 95220
330000000 98579 98584
331000000 101961 101964
332000000 105342 105352
333000000 108662 108661
334000000 111935 111956
335000000 115259 115267
336000000 118575 118583
337000000 121909 121912
338000000 125190 125193
339000000 128461 128473
340000000 131709 131719
341000000 135004 135013
342000000 138277 138292
343000000 141581 141604
344000000 144878 144901
345000000 148295 148303
346000000 151629 151631
347000000 154924 154940
348000000 158173 158174
349000000 161413 161423
350000000 164705 164717
351000000 168166 168160
352000000 171504 171516
353000000 174744 174749
354000000 178019 178025
355000000 181287 181306
356000000 184510 184530
357000000 187773 187795
358000000 191058 191075
359000000 194436 194457
360000000 197755 197774
361000000 201050 201061
362000000 204295 204312
363000000 207475 207492
364000000 210769 210779
365000000 214151 214158
366000000 217429 217443
367000000 220821 220836
368000000 224036 224052
369000000 227238 227249
370000000 230584 230597
371000000 233820 233833
372000000 237089 237104
373000000 240333 240345
374000000 243544 243544
375000000 246821 246822
376000000 250220 250215
377000000 253621 253624
378000000 257020 257029
379000000 260320 260325
380000000 263761 263768
381000000 267088 267092
382000000 270439 270446
383000000 273697 273702
384000000 277066 277061
385000000 280395 280403
386000000 283807 283811
387000000 287174 287171
388000000 290573 290578
389000000 293902 293915
390000000 297307 297307
391000000 300632 300636
392000000 303897 303909
393000000 307164 307167
394000000 310407 310414
395000000 313610 313618
396000000 316932 316940
397000000 320142 320154
398000000 323432 323449
399000000 326737 326747
400000000 330021 330030
