# Steps Temp KinEng PotEng Epair Ebond Eangle Bonds
301000000 313.48204401059399515 4671.2177059793230001 3378.2974215523518069 -939.06397667065368751 1544.1678634510913071 2773.1935347719145284 5210
302000000 310.00657273866795549 4619.4294672198020635 3401.3265440645809576 -970.08900801604920616 1523.7066712161772557 2847.7088808644530218 5219
303000000 304.91143437283363937 4543.5064566243509034 3450.5408796320239162 -946.27168980573969748 1553.4284082228386978 2843.3841612149253706 5209
304000000 313.63338923310300288 4673.4729116493344918 3444.1016156002988282 -932.62686272712687696 1532.8769069586087426 2843.8515713688166215 5223
305000000 309.86611576314629701 4617.3365080742278224 3346.6660322563593581 -898.9045251427128278 1499.4980892332914664 2746.0724681657811743 5210
306000000 314.9070724937529917 4692.4521543607816056 3409.7553396792809508 -931.60476114562550265 1525.1347550498644523 2816.2253457750421148 5219
307000000 309.99228855892954471 4619.2166176656273819 3455.6531323147819421 -895.38220849992103467 1527.8208432437415922 2823.2144975709616119 5214
308000000 310.33749819843865225 4624.3606104752925603 3417.591861324312049 -931.20975228740439888 1531.9145024624665439 2816.8871111492494492 5215
309000000 309.60854674790755325 4613.4984542925758433 3407.1775940559277842 -934.45700304339720788 1557.5574688164283543 2784.0771282828964104 5219
310000000 305.1538480195632701 4547.118679207461355 3320.2442446007662511 -916.78591366846058008 1465.5212946659248701 2771.5088636033024159 5210
311000000 308.39993868573992586 4595.4889016325332705 3443.3928070261349603 -923.16269613845645381 1543.6207797039910474 2822.934723460600253 5218
312000000 307.80760380386868746 4586.6624784260648084 3450.7830660200961574 -939.87980592627548049 1548.3887098201403205 2842.2741621262312037 5218
313000000 306.7930894707658922 4571.5451299006754198 3433.2036100557770624 -941.3639264494231611 1548.0601436273113904 2826.5073928778897425 5221
314000000 309.88753506296080786 4617.6556785481188854 3408.6683297778372435 -941.93965951399343339 1527.6661108455020894 2822.9418784463282464 5212
315000000 310.74704006748140728 4630.4632223044654893 3443.4120476182388302 -926.2243559031131781 1545.1042704835540462 2824.5321330377978484 5222
316000000 307.28569351237223373 4578.8854569310515217 3411.6199216184613761 -982.8024680504375965 1507.9444244758601599 2886.4779651930384716 5214
317000000 310.02311888946337604 4619.6760225617681499 3402.1298829581160135 -933.62146208838976236 1558.9629441083329766 2776.7884009381723445 5207
318000000 306.50257073844801425 4567.2160900968010537 3492.4838270727718736 -899.79325726982460765 1541.6617042737857446 2850.6153800688107367 5209
319000000 309.67707721815338573 4614.5196315884613796 3431.6743081494041689 -927.32054328672506927 1519.8352463574451576 2839.1596050786829437 5213
320000000 311.12163824685052305 4636.0451357873234883 3411.8227598166222378 -962.90764932748004412 1541.5779397615610833 2833.1524693825413124 5220
321000000 311.00821480744406244 4634.3550052406098985 3365.4738928541628411 -950.7405332513326357 1531.7927100621163845 2784.4217160433790923 5219
322000000 307.86927136459689791 4587.5813910306687831 3471.8313953551119084 -972.02736734948007324 1560.1798278916658091 2883.6789348129259452 5215
323000000 310.89392209361426467 4632.65192157535148 3343.6379514377308624 -953.73801951710254343 1539.5831006783121211 2757.792870276521171 5206
324000000 308.9520635429316826 4603.7161524690700389 3469.1712849901600748 -927.41033238089244151 1535.8442767548829124 2860.7373406161696039 5208
325000000 312.09654922369190899 4650.5723519510065671 3427.8642240706985831 -935.66287293834943739 1567.3957200375216416 2796.131376971527061 5201
326000000 308.3005232719035007 4594.0075056475552628 3467.5946243648272684 -969.06999430078337809 1552.8129374964357794 2883.8516811691747534 5211
327000000 312.0304428791928899 4649.5872967212053481 3390.2137214375843541 -958.57407186424825341 1495.543920698407419 2853.2438726034251886 5209
328000000 311.81901383723709387 4646.4367778853993514 3398.81363289812316 -916.83611456522453409 1506.9914409677726326 2808.6583064955748341 5210
329000000 310.18783728879668615 4622.1305028682709235 3416.4368208276564474 -937.4993053601651809 1512.6387160236004092 2841.297410164221219 5204
330000000 305.96600647466800638 4559.2207087432188928 3481.5936421818305462 -938.84779573911566786 1548.0177664233119685 2872.4236714976345866 5201
331000000 307.32714381107513191 4579.5031107103304748 3370.0748836495672549 -924.18970740257384477 1480.7306532534578309 2813.5339377986838372 5205
332000000 313.11166433794386421 4665.6986527580174879 3349.8634623755810935 -945.89618208973774927 1536.9077653498154632 2758.8518791155033796 5209
333000000 311.0444400774888436 4634.894800505027888 3393.5222422593924421 -944.74196597356967686 1519.9406296808310799 2818.323578552131039 5213
334000000 308.28577810390180503 4593.7877868752575523 3378.2918515069009118 -912.78421812157796467 1535.3630442885626053 2755.7130253399163848 5208
335000000 313.33489099735101036 4669.0249687106916099 3404.2358139775246855 -957.74331306973340361 1516.3329241333849495 2845.6462029138729122 5211
336000000 312.60386614691333307 4658.1319166519906503 3462.4280303985087812 -964.0961061594681496 1574.0948961082553978 2852.429240449721874 5211
337000000 308.05467082735714257 4590.3440412993877544 3414.3747647668319587 -977.71562189319615754 1553.6197043668655624 2838.4706822931630086 5211
338000000 312.8963845524274916 4662.4907537250201131 3366.5166532719467796 -966.75353753452600358 1531.5091530182753559 2801.7610377881974273 5217
339000000 310.63083228030427563 4628.7316019982763464 3322.717039813707288 -951.83864989304197479 1506.6604945149556443 2767.8951951917933911 5206
340000000 307.4328752029680345 4581.0786215229090885 3456.1792409651393427 -958.4968163974209574 1564.6419688573632811 2850.0340885051973601 5209
341000000 305.74805203450932822 4555.9729544956690006 3291.03034439984458 -995.95422825400260081 1492.1120049069863853 2794.8725677468614776 5211
342000000 310.81072826746964211 4631.4122445949951725 3332.2336173873941334 -1011.1025585768875317 1556.8653028129856466 2786.4708731512964732 5207
343000000 310.33567759069580916 4624.3334814728932542 3391.8724768319889336 -954.68231191874792785 1544.9936268715355254 2801.561161879201336 5212
344000000 312.36883447684652992 4654.6296934157380747 3451.3100838302020748 -927.38124428475043715 1528.3763919329519467 2850.3149361820005652 5213
345000000 315.58166697808150047 4702.504333615568612 3358.7575757548711408 -968.62959035569792832 1482.0422668504118064 2845.3448992601574901 5214
346000000 311.65771073745344211 4644.0331891946443648 3515.012919907115247 -920.35251155090190878 1594.7726971972965657 2840.5927342607210448 5214
347000000 309.85378031374619923 4617.1526966861447363 3340.7725549178785514 -957.21960063079029624 1518.5992717126009666 2779.3928838360679947 5221
348000000 307.70410542238232665 4585.1202418566144843 3477.5764785880196541 -973.73363277314911102 1556.8701488846900247 2894.4399624764791952 5205
349000000 306.95642501245953326 4573.9790041494643447 3384.1855500477704481 -949.78097947090338948 1496.388156690391952 2837.5783728282822267 5210
350000000 310.95553007681883173 4633.5699464111385169 3386.5484537266434018 -939.27192574804053038 1538.3057164928898146 2787.5146629817945723 5229
351000000 304.57177384761644134 4538.445151552079551 3399.5321538381003847 -954.44819955895627572 1562.2325354476874963 2791.7478179493691641 5214
352000000 310.41117249719218307 4625.4584363169578864 3386.4838628722764042 -921.37423630082810178 1522.2628155951183544 2785.5952835779862653 5215
353000000 305.36424490706781398 4550.2538178381155376 3353.9699873148110782 -904.32890467047604943 1484.1935573936002584 2774.1053345916866419 5205
354000000 306.71238792330649403 4570.3425905380718177 3423.3076726587296434 -953.56477356629545739 1535.7347783194084059 2841.137667905617036 5210
355000000 310.44877849832397487 4626.0188059511820029 3440.7910534662541977 -920.34711428961963975 1557.7756133359216619 2803.362554419951266 5201
356000000 316.83668099625316472 4721.2053846484550377 3477.0448376790154725 -925.81072172248843799 1560.4397263971538905 2842.415833004349679 5207
357000000 304.24521380496321399 4533.5790576801909992 3461.1226333770955534 -921.62032053741882009 1531.3099170659479569 2851.433036848566644 5212
358000000 308.81539442479379431 4601.6796364494002773 3444.2001788944999134 -915.16292394376318953 1495.4044646977745288 2863.9586381404888016 5204
359000000 306.55756960853830151 4568.0356320791352118 3368.0798775428156659 -927.01359868153065236 1501.5682594998515924 2793.5252167244952943 5212
360000000 302.08787498179395925 4501.4324020706462761 3450.5116021833446212 -913.85445130168204741 1527.2968338537530144 2837.0692196312734268 5205
361000000 313.00407543470589644 4664.0954630399000962 3327.2137810197200452 -928.84528005845049847 1481.3752396915265308 2774.6838213866440128 5207
362000000 309.20878307225893877 4607.5415480021665644 3483.5185448998577158 -943.11446330965281959 1575.4738536233137438 2851.1591545861965642 5224
363000000 314.48277346889915407 4686.1296451281314148 3477.6556417266997414 -927.17946599302035793 1555.6095742554643948 2849.2255334642554772 5226
364000000 309.01392176921535793 4604.6379061943553097 3408.9951435289394794 -969.48725851311189672 1524.3665066307457892 2854.1158954113061554 5216
365000000 315.5507023218929703 4702.0429271235188935 3465.6566296089508796 -901.41092041380352384 1529.5314536233336185 2837.536096399420785 5206
366000000 311.42537760740987096 4640.5711770906646052 3503.4326332305895448 -938.61030974091102053 1579.0758574334176956 2862.9670855380827561 5208
367000000 311.99088987866878142 4648.9979147138374174 3483.0130121408983541 -925.51323139928797445 1554.2851874966918331 2854.2410560434946092 5207
368000000 309.22022609896515632 4607.7120613377192058 3430.274935588063272 -952.56949969326512928 1554.6625533685196388 2828.181881912809331 5216
369000000 310.27949803297951803 4623.4963459822574805 3448.2153303106297244 -904.68131145979077701 1512.7316714016524202 2840.1649703687680812 5218
370000000 312.50948106005751015 4656.7254779186559972 3425.9884769876512109 -943.33184135080989563 1531.1501542167013667 2838.1701641217600809 5222
371000000 301.81604906128632138 4497.3819051535838298 3500.6985264928671313 -905.43072454361845303 1563.0627439233619498 2843.0665071131238619 5214
372000000 313.75957706462247643 4675.3532452892832225 3529.1694455152755836 -931.82450887124286965 1565.7737691956106119 2895.220185190907614 5206
373000000 310.70242561562190531 4629.7984192592812178 3349.0265866415902565 -961.01110869371052559 1468.1211325391448099 2841.9165627961560858 5213
374000000 310.40164399271054663 4625.3164514100180895 3484.4148667931922319 -971.97304924664558712 1570.1576319499540659 2886.230284089883753 5225
375000000 312.31189709780289832 4653.7812655768793775 3358.094437805540565 -1009.939470920996996 1546.841334157521942 2821.1925745690155054 5215
376000000 311.47764563355701739 4641.3500265777720415 3341.73201486875314 -986.63164230475877048 1514.8318451086065579 2813.5318120649053526 5218
377000000 309.75688362807665044 4615.7088324444812315 3399.0607026667357786 -1002.8297351451003578 1563.247418922050656 2838.6430188897857079 5205
378000000 309.93456542396245368 4618.3564812231907126 3427.4847070786072436 -971.93422800221765101 1548.2946539588283486 2851.1242811219963187 5205
379000000 310.40823717214112776 4625.4146968345439745 3499.2523305227350647 -928.9919822139244161 1589.058928718679681 2839.1853840179801409 5210
380000000 310.05492993227198895 4620.1500411196166169 3322.0404099871138897 -950.45666323653654217 1476.9060689928774082 2795.591004230773251 5209
381000000 313.6802137197142315 4674.1706465758179547 3379.9469465435590791 -963.84936513499906141 1535.0980154527267132 2808.6982962258316547 5208
382000000 312.65015712476548515 4658.8217017274082536 3468.2882579574365991 -974.36883072106650161 1556.3848013105734935 2886.2722873679294935 5216
383000000 313.08316485978150467 4665.2739800549179563 3433.9629119362534766 -952.03644447657859473 1569.8570747519752331 2816.1422816608574067 5220
384000000 309.26799727805592966 4608.4239029945792936 3326.7364523181204277 -1020.7617718939127371 1515.1835310766814473 2832.3146931353521722 5213
385000000 306.65312314801576576 4569.4594820061220162 3407.6972773320012493 -981.61055159305146844 1546.0775505946967314 2843.230278330355759 5216
386000000 309.56374090975015179 4612.8307993868775156 3307.0738304984129172 -971.27134512269924471 1513.218974616813739 2765.1262010042983093 5215
387000000 305.54824075756897628 4552.9955527830961728 3406.6472055265167 -958.7041214283243562 1536.8102392999014683 2828.5410876549394743 5206
388000000 311.5155270675572865 4641.9145004562951726 3298.9441526923160382 -1004.2351544233769118 1500.7979204486621256 2802.3813866670316202 5208
389000000 308.71672166371814683 4600.2093067847808925 3402.9765526139603935 -975.28671596400135968 1538.572630081456964 2839.6906384965050165 5211
390000000 315.26353702805823787 4697.7638571393435996 3369.3089185793674005 -989.22568190617073469 1536.5144526796207174 2822.0201478059170768 5222
391000000 312.88085474488036652 4662.2593429843718695 3395.6510367139635491 -1007.5988754982092814 1556.4004106716217848 2846.8495015405510458 5215
392000000 304.21460582247715365 4533.1229660077497101 3313.830192649221317 -1033.5608435665810703 1580.5109155390589422 2766.8801206767434451 5217
393000000 304.51400828580892721 4537.5843829043487858 3310.3988999755792975 -1016.9112125256875743 1548.396639657456717 2778.9134728438102684 5221
394000000 311.88397238577005055 4647.4047297278075348 3357.7997656974648635 -1018.1896796317212193 1540.5731341254479503 2835.4163112037385872 5220
395000000 311.9219283068030677 4647.970313542778058 3304.9402597617263382 -961.66903674498519194 1510.006199905608355 2756.6030966011030614 5211
396000000 313.5684688108786986 4672.5055279296993831 3260.3467523850067664 -1041.2127407602120002 1500.9055053476972716 2800.6539877975210402 5214
397000000 307.79896439109097628 4586.5337419363440858 3334.3822783670552781 -1006.2328881853308076 1557.1457592708875382 2783.4694072814986612 5213
398000000 305.63946845447958367 4554.3549430296079663 3343.134189412017804 -995.60078479831815912 1576.5635864042533285 2762.1713878060827483 5225
399000000 314.97021655535615992 4693.3930684074512101 3375.9644952959970396 -1005.1672499103344762 1548.2894717561123343 2832.8422734502191815 5217
400000000 308.34801255108340001 4594.7151466942677871 3444.4282734105427153 -1011.6130375110632258 1586.7713453609399039 2869.2699655606661509 5214
