# Fix print output for fix saveBond
1000000 6212 6205
2000000 12541 12522
3000000 18796 18783
4000000 25029 25020
5000000 31269 31273
6000000 37649 37632
7000000 44024 44014
8000000 50280 50267
9000000 56550 56550
10000000 62685 62675
11000000 68988 68983
12000000 75308 75295
13000000 81658 81646
14000000 87914 87901
15000000 94283 94286
16000000 100433 100427
17000000 106766 106766
18000000 112891 112878
19000000 119160 119151
20000000 125411 125395
21000000 131724 131719
22000000 137996 137984
23000000 144203 144198
24000000 150520 150512
25000000 156772 156767
26000000 163135 163126
27000000 169470 169463
28000000 175746 175739
29000000 181976 181968
30000000 188141 188128
31000000 194410 194400
32000000 200690 200686
33000000 206914 206903
34000000 213169 213161
35000000 219344 219338
36000000 225760 225755
37000000 232132 232124
38000000 238359 238359
39000000 244637 244623
40000000 250879 250871
41000000 257221 257207
42000000 263644 263640
43000000 270109 270100
44000000 276318 276315
45000000 282558 282556
46000000 288837 288829
47000000 295090 295083
48000000 301366 301376
49000000 307681 307663
50000000 313958 313945
51000000 320326 320313
52000000 326523 326532
53000000 332836 332821
54000000 339147 339139
55000000 345424 345414
56000000 351650 351639
57000000 357928 357914
58000000 364054 364048
59000000 370292 370280
60000000 376706 376693
61000000 382896 382880
62000000 389200 389187
63000000 395337 395311
64000000 401708 401703
65000000 408127 408115
66000000 414414 414405
67000000 420884 420866
68000000 427069 427064
69000000 433328 433321
70000000 439525 439518
71000000 445697 445682
72000000 451869 451854
73000000 458275 458255
74000000 464513 464504
75000000 470796 470792
76000000 476989 476980
77000000 483142 483129
78000000 489362 489347
79000000 495635 495630
80000000 501765 501755
81000000 508036 508019
82000000 514146 514135
83000000 520487 520483
84000000 526724 526715
85000000 532849 532837
86000000 538903 538893
87000000 545099 545082
88000000 551484 551462
89000000 557628 557609
90000000 563939 563929
91000000 570249 570235
92000000 576496 576483
93000000 582640 582627
94000000 588803 588796
95000000 595132 595115
96000000 601357 601337
97000000 607598 607585
98000000 613844 613826
99000000 620072 620050
100000000 626460 626445
101000000 632586 632570
102000000 638848 638832
103000000 645170 645148
104000000 651377 651364
105000000 657620 657613
106000000 663856 663845
107000000 670015 670016
108000000 676214 676208
109000000 682624 682615
110000000 688969 688967
111000000 695208 695205
112000000 701581 701567
113000000 707785 707779
114000000 714190 714172
115000000 720427 720416
116000000 726676 726677
117000000 732895 732884
118000000 739091 739069
119000000 745205 745195
120000000 751390 751386
121000000 757563 757567
122000000 763895 763880
123000000 770130 770123
124000000 776217 776211
125000000 782558 782550
126000000 788752 788743
127000000 794971 794969
128000000 801184 801178
129000000 807528 807516
130000000 813744 813730
131000000 820159 820137
132000000 826486 826476
133000000 832738 832720
134000000 838976 838957
135000000 845220 845213
136000000 851537 851526
137000000 857840 857826
138000000 864053 864049
139000000 870353 870343
140000000 876461 876460
141000000 882738 882715
142000000 888944 888928
143000000 895226 895204
144000000 901406 901400
145000000 907597 907595
146000000 913789 913778
147000000 920081 920066
148000000 926270 926260
149000000 932463 932453
150000000 938757 938738
151000000 944963 944955
152000000 951226 951220
153000000 957542 957527
154000000 963748 963733
155000000 969867 969856
156000000 976018 976014
157000000 982170 982173
158000000 988305 988306
159000000 994577 994568
160000000 1000807 1000803
161000000 1007160 1007158
162000000 1013398 1013393
163000000 1019586 1019574
164000000 1025777 1025768
165000000 1032185 1032180
166000000 1038492 1038473
167000000 1044674 1044664
168000000 1050894 1050881
169000000 1057116 1057101
170000000 1063395 1063387
171000000 1069695 1069683
172000000 1075945 1075930
173000000 1082104 1082089
174000000 1088340 1088330
175000000 1094667 1094654
176000000 1101026 1101021
177000000 1107327 1107305
178000000 1113594 1113576
179000000 1119749 1119733
180000000 1126039 1126019
181000000 1132216 1132205
182000000 1138366 1138370
183000000 1144461 1144459
184000000 1150677 1150673
185000000 1156911 1156910
186000000 1163087 1163084
187000000 1169456 1169453
188000000 1175650 1175650
189000000 1181852 1181849
190000000 1188186 1188184
191000000 1194440 1194429
192000000 1200763 1200755
193000000 1207026 1207032
194000000 1213301 1213292
195000000 1219340 1219334
196000000 1225403 1225394
197000000 1231709 1231694
198000000 1237873 1237872
199000000 1244029 1244023
200000000 1250481 1250466
201000000 1256835 1256828
202000000 1263071 1263063
203000000 1269247 1269240
204000000 1275438 1275425
205000000 1281654 1281638
206000000 1287885 1287861
207000000 1294007 1294005
208000000 1300344 1300338
209000000 1306626 1306609
210000000 1312893 1312885
211000000 1319252 1319240
212000000 1325603 1325598
213000000 1331592 1331588
214000000 1337836 1337820
215000000 1344091 1344075
216000000 1350219 1350216
217000000 1356516 1356509
218000000 1362725 1362723
219000000 1368994 1368996
220000000 1375135 1375129
221000000 1381545 1381548
222000000 1387955 1387947
223000000 1394205 1394199
224000000 1400543 1400541
225000000 1406806 1406794
226000000 1412995 1412979
227000000 1419276 1419262
228000000 1425512 1425495
229000000 1431815 1431806
230000000 1437935 1437920
231000000 1444164 1444155
232000000 1450474 1450465
233000000 1456761 1456740
234000000 1463169 1463153
235000000 1469311 1469302
236000000 1475589 1475577
237000000 1481898 1481886
238000000 1488235 1488213
239000000 1494484 1494485
240000000 1500826 1500815
241000000 1507068 1507058
242000000 1513257 1513249
243000000 1519476 1519461
244000000 1525661 1525647
245000000 1531995 1531978
246000000 1538163 1538157
247000000 1544301 1544291
248000000 1550695 1550686
249000000 1557092 1557083
250000000 1563257 1563243
251000000 1569530 1569517
252000000 1575895 1575883
253000000 1582162 1582149
254000000 1588467 1588450
255000000 1594683 1594670
256000000 1601068 1601069
257000000 1607309 1607293
258000000 1613598 1613573
259000000 1619826 1619804
260000000 1626068 1626046
261000000 1632338 1632326
262000000 1638680 1638673
263000000 1644914 1644904
264000000 1651170 1651163
265000000 1657362 1657353
266000000 1663755 1663742
267000000 1669846 1669833
268000000 1676215 1676210
269000000 1682551 1682546
270000000 1688784 1688767
271000000 1695032 1695020
272000000 1701350 1701350
273000000 1707708 1707695
274000000 1714006 1713994
275000000 1720299 1720281
276000000 1726608 1726589
277000000 1732863 1732850
278000000 1739091 1739077
279000000 1745365 1745357
280000000 1751494 1751497
281000000 1757674 1757670
282000000 1763946 1763942
283000000 1770184 1770177
284000000 1776302 1776295
285000000 1782500 1782504
286000000 1788630 1788615
287000000 1794828 1794815
288000000 1801124 1801124
289000000 1807395 1807393
290000000 1813653 1813648
291000000 1820048 1820031
292000000 1826354 1826327
293000000 1832776 1832768
294000000 1839040 1839032
295000000 1845257 1845255
296000000 1851588 1851575
297000000 1857705 1857699
298000000 1863854 1863842
299000000 1870068 1870057
300000000 1876359 1876366
301000000 1882497 1882496
302000000 1888608 1888601
303000000 1894860 1894847
304000000 1901136 1901112
305000000 1907430 1907415
306000000 1913683 1913676
307000000 1919930 1919909
308000000 1926183 1926171
309000000 1932365 1932350
310000000 1938611 1938595
311000000 1944912 1944893
312000000 1951085 1951074
313000000 1957230 1957228
314000000 1963383 1963372
315000000 1969657 1969646
316000000 1975825 1975814
317000000 1982266 1982251
318000000 1988628 1988615
319000000 1994929 1994909
320000000 2001238 2001235
321000000 2007539 2007529
322000000 2013840 2013821
323000000 2019975 2019967
324000000 2026298 2026282
325000000 2032658 2032644
326000000 2039006 2038990
327000000 2045205 2045192
328000000 2051289 2051291
329000000 2057633 2057612
330000000 2063901 2063886
331000000 2070132 2070111
332000000 2076408 2076396
333000000 2082628 2082610
334000000 2088968 2088962
335000000 2095179 2095169
336000000 2101495 2101487
337000000 2107873 2107856
338000000 2114148 2114130
339000000 2120457 2120439
340000000 2126636 2126616
341000000 2133034 2133008
342000000 2139348 2139328
343000000 2145589 2145575
344000000 2151957 2151949
345000000 2158185 2158179
346000000 2164536 2164525
347000000 2170826 2170822
348000000 2177029 2177017
349000000 2183221 2183226
350000000 2189386 2189376
351000000 2195660 2195646
352000000 2201846 2201844
353000000 2208061 2208048
354000000 2214294 2214289
355000000 2220442 2220436
356000000 2226648 2226638
357000000 2232997 2232986
358000000 2239313 2239308
359000000 2245541 2245522
360000000 2251778 2251770
361000000 2257993 2257987
362000000 2264264 2264245
363000000 2270396 2270395
364000000 2276628 2276621
365000000 2282933 2282922
366000000 2289262 2289249
367000000 2295560 2295546
368000000 2301902 2301900
369000000 2308130 2308133
370000000 2314463 2314450
371000000 2320845 2320827
372000000 2327015 2326989
373000000 2333198 2333180
374000000 2339598 2339576
375000000 2345832 2345807
376000000 2352294 2352274
377000000 2358542 2358532
378000000 2364839 2364832
379000000 2371167 2371160
380000000 2377549 2377536
381000000 2383818 2383805
382000000 2390119 2390105
383000000 2396375 2396359
384000000 2402616 2402607
385000000 2408802 2408792
386000000 2414990 2414982
387000000 2421324 2421305
388000000 2427507 2427492
389000000 2433655 2433649
390000000 2439740 2439728
391000000 2445974 2445957
392000000 2452224 2452215
393000000 2458406 2458398
394000000 2464540 2464529
395000000 2470832 2470819
396000000 2477000 2476987
397000000 2483198 2483206
398000000 2489381 2489373
399000000 2495569 2495563
400000000 2501696 2501688
401000000 2507960 2507956
402000000 2514246 2514235
403000000 2520356 2520356
404000000 2526543 2526535
405000000 2532760 2532743
406000000 2539143 2539120
407000000 2545490 2545471
408000000 2551812 2551803
409000000 2558115 2558106
410000000 2564421 2564411
411000000 2570648 2570631
412000000 2577017 2577021
413000000 2583233 2583221
414000000 2589512 2589494
415000000 2595717 2595703
416000000 2601866 2601843
417000000 2608302 2608282
418000000 2614617 2614611
419000000 2621014 2621008
420000000 2627281 2627272
421000000 2633490 2633473
422000000 2639915 2639909
423000000 2646070 2646060
424000000 2652249 2652241
425000000 2658301 2658291
426000000 2664581 2664568
427000000 2670855 2670847
428000000 2677233 2677232
429000000 2683505 2683493
430000000 2689590 2689591
431000000 2695849 2695841
432000000 2702144 2702139
433000000 2708297 2708288
434000000 2714463 2714455
435000000 2720556 2720546
436000000 2726894 2726874
437000000 2733127 2733120
438000000 2739418 2739396
439000000 2745734 2745716
440000000 2751985 2751967
441000000 2758252 2758239
442000000 2764490 2764477
443000000 2770495 2770494
444000000 2776738 2776725
445000000 2782817 2782813
446000000 2788849 2788844
447000000 2795055 2795049
448000000 2801454 2801437
449000000 2807741 2807724
450000000 2814063 2814048
451000000 2820285 2820262
452000000 2826482 2826472
453000000 2832560 2832542
454000000 2838681 2838670
455000000 2844920 2844908
456000000 2851203 2851195
457000000 2857329 2857312
458000000 2863591 2863579
459000000 2869948 2869936
460000000 2876242 2876218
461000000 2882498 2882481
462000000 2888712 2888687
463000000 2895104 2895086
464000000 2901529 2901514
465000000 2907718 2907707
466000000 2914092 2914076
467000000 2920358 2920346
468000000 2926600 2926585
469000000 2932616 2932597
470000000 2938910 2938891
471000000 2945110 2945092
472000000 2951423 2951412
473000000 2957752 2957744
474000000 2964007 2963998
475000000 2970134 2970126
476000000 2976451 2976432
477000000 2982610 2982599
478000000 2988954 2988950
479000000 2995134 2995119
480000000 3001355 3001345
481000000 3007735 3007713
482000000 3014025 3014006
483000000 3020331 3020313
484000000 3026532 3026518
485000000 3032809 3032792
486000000 3039174 3039166
487000000 3045407 3045401
488000000 3051613 3051602
489000000 3057954 3057945
490000000 3064313 3064295
491000000 3070577 3070570
492000000 3076852 3076841
493000000 3083185 3083172
494000000 3089533 3089520
495000000 3095766 3095758
496000000 3102061 3102055
497000000 3108361 3108362
498000000 3114555 3114555
499000000 3120818 3120805
500000000 3127016 3127003
501000000 3133331 3133317
502000000 3139686 3139668
503000000 3145933 3145908
504000000 3152193 3152186
505000000 3158405 3158387
506000000 3164614 3164608
507000000 3170895 3170878
508000000 3177149 3177140
509000000 3183473 3183461
510000000 3189646 3189640
511000000 3195954 3195942
512000000 3202138 3202128
513000000 3208371 3208354
514000000 3214604 3214596
515000000 3220842 3220842
516000000 3227188 3227175
517000000 3233339 3233332
518000000 3239653 3239645
519000000 3245974 3245951
520000000 3252149 3252138
521000000 3258482 3258479
522000000 3264658 3264645
523000000 3270933 3270925
524000000 3277315 3277293
525000000 3283446 3283431
526000000 3289683 3289664
527000000 3295963 3295949
528000000 3302360 3302345
529000000 3308608 3308585
530000000 3314781 3314768
531000000 3321055 3321038
532000000 3327221 3327202
533000000 3333392 3333378
534000000 3339582 3339573
535000000 3345603 3345594
536000000 3351805 3351798
537000000 3358182 3358160
538000000 3364393 3364382
539000000 3370717 3370695
540000000 3377226 3377197
541000000 3383492 3383475
542000000 3389634 3389628
543000000 3395848 3395831
544000000 3402065 3402049
545000000 3408369 3408359
546000000 3414867 3414852
547000000 3421096 3421081
548000000 3427355 3427340
549000000 3433644 3433628
550000000 3439824 3439812
551000000 3446277 3446259
552000000 3452478 3452468
553000000 3458724 3458708
554000000 3465055 3465035
555000000 3471399 3471375
556000000 3477726 3477711
557000000 3483885 3483868
558000000 3490246 3490229
559000000 3496496 3496484
560000000 3502730 3502717
561000000 3508877 3508864
562000000 3515195 3515180
563000000 3521450 3521431
564000000 3527721 3527712
565000000 3533990 3533982
566000000 3540412 3540405
567000000 3546647 3546632
568000000 3552931 3552922
569000000 3559179 3559167
570000000 3565523 3565519
571000000 3571668 3571663
572000000 3577911 3577902
573000000 3584165 3584149
574000000 3590409 3590397
575000000 3596617 3596600
576000000 3602912 3602900
577000000 3609173 3609157
578000000 3615545 3615532
579000000 3621720 3621710
580000000 3628020 3628010
581000000 3634355 3634348
582000000 3640529 3640515
583000000 3646840 3646831
584000000 3653184 3653166
585000000 3659460 3659443
586000000 3665672 3665663
587000000 3671969 3671960
588000000 3678253 3678245
589000000 3684531 3684520
590000000 3690825 3690818
591000000 3697005 3696986
592000000 3703238 3703224
593000000 3709468 3709453
594000000 3715820 3715815
595000000 3722082 3722074
596000000 3728373 3728353
597000000 3734552 3734541
598000000 3740737 3740732
599000000 3747020 3747010
600000000 3753133 3753135
