# Fix print output for fix saveBond
1000000 6135 6134
2000000 12372 12371
3000000 18673 18666
4000000 24865 24868
5000000 31232 31232
6000000 37436 37441
7000000 43695 43701
8000000 49815 49801
9000000 56117 56099
10000000 62399 62391
11000000 68715 68706
12000000 74995 74996
13000000 81219 81218
14000000 87609 87608
15000000 93823 93809
16000000 100157 100146
17000000 106424 106408
18000000 112725 112722
19000000 118899 118901
20000000 125171 125162
21000000 131366 131367
22000000 137658 137654
23000000 143851 143848
24000000 150215 150199
25000000 156508 156497
26000000 162733 162721
27000000 169074 169053
28000000 175363 175360
29000000 181610 181592
30000000 187842 187838
31000000 194023 194016
32000000 200131 200111
33000000 206424 206416
34000000 212563 212557
35000000 218727 218724
36000000 224969 224973
37000000 231243 231232
38000000 237567 237553
39000000 243990 243977
40000000 250199 250189
41000000 256516 256507
42000000 262684 262681
43000000 268939 268918
44000000 275175 275167
45000000 281377 281361
46000000 287557 287548
47000000 293838 293821
48000000 300123 300107
49000000 306457 306443
50000000 312771 312751
51000000 319166 319147
52000000 325489 325472
53000000 331807 331796
54000000 338063 338043
55000000 344361 344342
56000000 350632 350625
57000000 356798 356779
58000000 363094 363075
59000000 369378 369353
60000000 375647 375621
61000000 381978 381961
62000000 388257 388236
63000000 394386 394381
64000000 400703 400686
65000000 406969 406945
66000000 413342 413327
67000000 419577 419565
68000000 425857 425844
69000000 432102 432089
70000000 438274 438277
71000000 444615 444608
72000000 450929 450922
73000000 457145 457138
74000000 463226 463226
75000000 469533 469525
76000000 475768 475758
77000000 482005 482001
78000000 488320 488307
79000000 494631 494631
80000000 500916 500902
81000000 507143 507141
82000000 513358 513355
83000000 519635 519631
84000000 525766 525757
85000000 532012 532007
86000000 538208 538178
87000000 544422 544402
88000000 550537 550519
89000000 556788 556775
90000000 563003 562995
91000000 569187 569176
92000000 575464 575450
93000000 581647 581638
94000000 587976 587957
95000000 594219 594196
96000000 600462 600445
97000000 606814 606801
98000000 612962 612949
99000000 619076 619072
100000000 625311 625300
101000000 631451 631441
102000000 637650 637637
103000000 643801 643794
104000000 650116 650100
105000000 656361 656348
106000000 662709 662705
107000000 668931 668931
108000000 675214 675205
109000000 681464 681457
110000000 687648 687641
111000000 693908 693901
112000000 700100 700090
113000000 706337 706326
114000000 712629 712610
115000000 718847 718837
116000000 725120 725109
117000000 731381 731367
118000000 737626 737617
119000000 743771 743764
120000000 750101 750086
121000000 756212 756213
122000000 762393 762386
123000000 768653 768643
124000000 774986 774981
125000000 781068 781051
126000000 787197 787176
127000000 793555 793540
128000000 799686 799682
129000000 805959 805949
130000000 812107 812102
131000000 818310 818306
132000000 824522 824519
133000000 830726 830710
134000000 837030 837008
135000000 843365 843353
136000000 849646 849635
137000000 855979 855970
138000000 862330 862316
139000000 868574 868550
140000000 874809 874809
141000000 881083 881068
142000000 887379 887359
143000000 893587 893580
144000000 899748 899738
145000000 905936 905926
146000000 912254 912250
147000000 918619 918599
148000000 924932 924924
149000000 931083 931075
150000000 937321 937309
151000000 943704 943697
152000000 949944 949938
153000000 956175 956161
154000000 962438 962420
155000000 968682 968663
156000000 974965 974950
157000000 981208 981198
158000000 987489 987469
159000000 993751 993744
160000000 999973 999957
161000000 1006313 1006290
162000000 1012494 1012477
163000000 1018693 1018679
164000000 1025014 1025005
165000000 1031229 1031231
166000000 1037388 1037378
167000000 1043496 1043482
168000000 1049844 1049831
169000000 1056076 1056061
170000000 1062325 1062316
171000000 1068555 1068550
172000000 1074825 1074817
173000000 1081207 1081207
174000000 1087258 1087260
175000000 1093547 1093534
176000000 1099703 1099690
177000000 1105737 1105729
178000000 1111927 1111915
179000000 1118318 1118317
180000000 1124647 1124642
181000000 1130870 1130859
182000000 1137016 1137009
183000000 1143299 1143286
184000000 1149533 1149529
185000000 1155845 1155843
186000000 1162126 1162121
187000000 1168351 1168343
188000000 1174627 1174610
189000000 1180811 1180795
190000000 1187065 1187061
191000000 1193368 1193354
192000000 1199615 1199593
193000000 1205961 1205945
194000000 1212247 1212232
195000000 1218439 1218437
196000000 1224524 1224506
197000000 1230877 1230868
198000000 1237136 1237120
199000000 1243409 1243398
200000000 1249659 1249645
201000000 1255874 1255874
202000000 1262291 1262279
203000000 1268623 1268606
204000000 1274933 1274910
205000000 1281090 1281065
206000000 1287498 1287485
207000000 1293836 1293832
208000000 1300075 1300059
209000000 1306323 1306309
210000000 1312467 1312458
211000000 1318752 1318744
212000000 1324960 1324954
213000000 1331210 1331206
214000000 1337531 1337513
215000000 1343717 1343715
216000000 1349986 1349989
217000000 1356214 1356198
218000000 1362620 1362607
219000000 1368986 1368968
220000000 1375269 1375258
221000000 1381476 1381471
222000000 1387598 1387596
223000000 1393845 1393841
224000000 1400012 1399996
225000000 1406182 1406164
226000000 1412367 1412355
227000000 1418516 1418519
228000000 1424720 1424703
229000000 1430880 1430867
230000000 1437052 1437035
231000000 1443257 1443249
232000000 1449347 1449337
233000000 1455723 1455719
234000000 1461926 1461925
235000000 1468212 1468209
236000000 1474382 1474379
237000000 1480602 1480589
238000000 1486693 1486685
239000000 1492967 1492943
240000000 1499194 1499192
241000000 1505451 1505443
242000000 1511717 1511707
243000000 1517918 1517906
244000000 1524053 1524035
245000000 1530321 1530305
246000000 1536529 1536523
247000000 1542846 1542837
248000000 1549178 1549175
249000000 1555653 1555636
250000000 1562056 1562037
251000000 1568434 1568407
252000000 1574832 1574815
253000000 1581229 1581217
254000000 1587503 1587483
255000000 1593734 1593728
256000000 1599882 1599878
257000000 1606071 1606054
258000000 1612282 1612269
259000000 1618569 1618554
260000000 1624830 1624810
261000000 1631206 1631187
262000000 1637560 1637545
263000000 1643809 1643799
264000000 1649999 1649983
265000000 1656157 1656146
266000000 1662332 1662324
267000000 1668668 1668660
268000000 1674988 1674971
269000000 1681267 1681249
270000000 1687411 1687399
271000000 1693669 1693658
272000000 1699985 1699975
273000000 1706244 1706225
274000000 1712405 1712391
275000000 1718744 1718723
276000000 1724845 1724842
277000000 1731061 1731049
278000000 1737235 1737225
279000000 1743468 1743453
280000000 1749771 1749747
281000000 1755970 1755951
282000000 1762397 1762390
283000000 1768634 1768620
284000000 1774983 1774971
285000000 1781375 1781365
286000000 1787640 1787629
287000000 1793902 1793888
288000000 1800122 1800107
289000000 1806387 1806383
290000000 1812555 1812551
291000000 1818906 1818896
292000000 1825153 1825143
293000000 1831461 1831457
294000000 1837830 1837811
295000000 1844074 1844069
296000000 1850299 1850283
297000000 1856533 1856523
298000000 1862752 1862752
299000000 1869085 1869078
300000000 1875357 1875341
301000000 1881668 1881659
302000000 1888030 1888021
303000000 1894439 1894427
304000000 1900595 1900573
305000000 1906980 1906967
306000000 1913360 1913345
307000000 1919583 1919581
308000000 1925849 1925841
309000000 1931982 1931958
310000000 1938408 1938406
311000000 1944579 1944565
312000000 1950826 1950811
313000000 1957076 1957069
314000000 1963555 1963547
315000000 1969858 1969837
316000000 1976147 1976137
317000000 1982505 1982488
318000000 1988809 1988809
319000000 1995190 1995172
320000000 2001458 2001443
321000000 2007612 2007595
322000000 2013865 2013852
323000000 2020129 2020116
324000000 2026365 2026354
325000000 2032579 2032560
326000000 2038741 2038723
327000000 2044869 2044854
328000000 2051071 2051050
329000000 2057290 2057272
330000000 2063577 2063555
331000000 2069865 2069841
332000000 2076140 2076110
333000000 2082435 2082415
334000000 2088734 2088715
335000000 2095114 2095097
336000000 2101331 2101322
337000000 2107629 2107619
338000000 2113800 2113800
339000000 2120043 2120014
340000000 2126302 2126290
341000000 2132540 2132525
342000000 2138962 2138946
343000000 2145254 2145230
344000000 2151403 2151392
345000000 2157702 2157682
346000000 2163986 2163982
347000000 2170235 2170217
348000000 2176300 2176273
349000000 2182500 2182484
350000000 2188875 2188865
351000000 2195197 2195176
352000000 2201308 2201304
353000000 2207584 2207578
354000000 2213855 2213851
355000000 2220085 2220073
356000000 2226422 2226399
357000000 2232672 2232665
358000000 2238984 2238973
359000000 2245288 2245271
360000000 2251648 2251631
361000000 2257966 2257961
362000000 2264262 2264249
363000000 2270694 2270680
364000000 2276985 2276978
365000000 2283148 2283137
366000000 2289332 2289321
367000000 2295562 2295554
368000000 2301790 2301776
369000000 2308001 2307982
370000000 2314380 2314368
371000000 2320497 2320490
372000000 2326772 2326756
373000000 2333062 2333050
374000000 2339186 2339172
375000000 2345361 2345349
376000000 2351536 2351520
377000000 2357920 2357917
378000000 2364207 2364193
379000000 2370394 2370372
380000000 2376661 2376658
381000000 2382850 2382840
382000000 2389014 2388996
383000000 2395317 2395300
384000000 2401621 2401609
385000000 2407940 2407932
386000000 2414266 2414261
387000000 2420550 2420542
388000000 2426792 2426790
389000000 2433029 2433015
390000000 2439286 2439273
391000000 2445546 2445530
392000000 2451863 2451840
393000000 2458111 2458087
394000000 2464429 2464419
395000000 2470633 2470623
396000000 2476886 2476876
397000000 2483064 2483056
398000000 2489218 2489216
399000000 2495540 2495533
400000000 2501803 2501790
401000000 2508125 2508115
402000000 2514439 2514420
403000000 2520664 2520659
404000000 2526893 2526876
405000000 2533032 2533020
406000000 2539263 2539251
407000000 2545415 2545403
408000000 2551608 2551594
409000000 2557734 2557716
410000000 2564071 2564052
411000000 2570513 2570492
412000000 2576843 2576827
413000000 2582910 2582895
414000000 2589247 2589231
415000000 2595365 2595359
416000000 2601545 2601534
417000000 2607787 2607769
418000000 2614071 2614060
419000000 2620293 2620278
420000000 2626510 2626493
421000000 2632851 2632838
422000000 2639043 2639029
423000000 2645259 2645243
424000000 2651539 2651527
425000000 2657836 2657827
426000000 2664111 2664101
427000000 2670492 2670480
428000000 2676650 2676642
429000000 2682795 2682782
430000000 2689149 2689136
431000000 2695285 2695272
432000000 2701554 2701533
433000000 2707807 2707803
434000000 2713972 2713964
435000000 2720189 2720176
436000000 2726216 2726208
437000000 2732435 2732417
438000000 2738784 2738775
439000000 2745102 2745089
440000000 2751357 2751335
441000000 2757667 2757649
442000000 2763877 2763853
443000000 2770215 2770194
444000000 2776416 2776402
445000000 2782841 2782823
446000000 2789139 2789136
447000000 2795269 2795254
448000000 2801486 2801471
449000000 2807671 2807658
450000000 2813974 2813965
451000000 2820243 2820226
452000000 2826658 2826630
453000000 2832813 2832789
454000000 2838980 2838963
455000000 2845051 2845032
456000000 2851286 2851270
457000000 2857550 2857535
458000000 2863661 2863650
459000000 2869814 2869788
460000000 2876344 2876319
461000000 2882728 2882708
462000000 2888908 2888892
463000000 2895153 2895137
464000000 2901490 2901470
465000000 2907837 2907823
466000000 2914031 2914021
467000000 2920229 2920216
468000000 2926543 2926533
469000000 2932783 2932765
470000000 2938981 2938969
471000000 2945403 2945381
472000000 2951667 2951640
473000000 2957861 2957846
474000000 2963985 2963979
475000000 2970172 2970150
476000000 2976491 2976474
477000000 2982698 2982672
478000000 2989056 2989048
479000000 2995489 2995472
480000000 3001838 3001816
481000000 3008127 3008107
482000000 3014340 3014330
483000000 3020565 3020557
484000000 3026960 3026955
485000000 3033212 3033199
486000000 3039440 3039435
487000000 3045771 3045764
488000000 3052048 3052037
489000000 3058210 3058201
490000000 3064301 3064294
491000000 3070563 3070537
492000000 3077044 3077033
493000000 3083372 3083353
494000000 3089732 3089723
495000000 3095915 3095911
496000000 3101994 3101978
497000000 3108432 3108409
498000000 3114583 3114571
499000000 3120753 3120739
500000000 3127018 3127003
501000000 3133259 3133236
502000000 3139392 3139371
503000000 3145689 3145674
504000000 3151958 3151936
505000000 3158298 3158289
506000000 3164616 3164614
507000000 3170889 3170877
508000000 3177067 3177050
509000000 3183433 3183427
510000000 3189521 3189508
511000000 3195698 3195694
512000000 3201915 3201901
513000000 3208121 3208113
514000000 3214371 3214341
515000000 3220621 3220604
516000000 3226810 3226801
517000000 3232995 3232994
518000000 3239281 3239267
519000000 3245552 3245529
520000000 3251909 3251880
521000000 3258093 3258083
522000000 3264277 3264268
523000000 3270517 3270508
524000000 3276735 3276729
525000000 3282959 3282953
526000000 3289098 3289080
527000000 3295167 3295157
528000000 3301372 3301360
529000000 3307572 3307568
530000000 3313694 3313698
531000000 3319960 3319954
532000000 3326191 3326188
533000000 3332451 3332445
534000000 3338781 3338765
535000000 3344889 3344884
536000000 3351077 3351076
537000000 3357473 3357467
538000000 3363698 3363685
539000000 3369873 3369866
540000000 3376015 3376011
541000000 3382136 3382115
542000000 3388299 3388288
543000000 3394579 3394566
544000000 3400919 3400904
545000000 3407152 3407140
546000000 3413469 3413453
547000000 3419805 3419790
548000000 3426054 3426045
549000000 3432302 3432302
550000000 3438427 3438415
551000000 3444635 3444624
552000000 3450892 3450875
553000000 3457249 3457230
554000000 3463443 3463436
555000000 3469671 3469665
556000000 3476044 3476035
557000000 3482357 3482351
558000000 3488580 3488573
559000000 3495010 3494996
560000000 3501122 3501112
561000000 3507326 3507312
562000000 3513579 3513554
563000000 3519802 3519789
564000000 3525913 3525911
565000000 3531965 3531953
566000000 3538351 3538333
567000000 3544725 3544709
568000000 3550868 3550861
569000000 3557228 3557215
570000000 3563575 3563566
571000000 3569827 3569814
572000000 3576069 3576060
573000000 3582281 3582272
574000000 3588424 3588425
575000000 3594533 3594517
576000000 3600811 3600797
577000000 3607144 3607142
578000000 3613292 3613278
579000000 3619492 3619481
580000000 3625733 3625726
581000000 3631831 3631827
582000000 3638040 3638032
583000000 3644339 3644329
584000000 3650647 3650627
585000000 3656988 3656975
586000000 3663291 3663280
587000000 3669451 3669441
588000000 3675640 3675639
589000000 3681877 3681862
590000000 3688205 3688197
591000000 3694372 3694369
592000000 3700627 3700606
593000000 3706871 3706860
594000000 3713106 3713096
595000000 3719315 3719312
596000000 3725611 3725611
597000000 3731756 3731750
598000000 3738052 3738044
599000000 3744236 3744220
600000000 3750443 3750433
