# Fix print output for fix saveBond
1000000 6172 6162
2000000 12483 12466
3000000 18761 18751
4000000 24944 24948
5000000 31306 31299
6000000 37592 37587
7000000 43731 43712
8000000 49990 49982
9000000 56171 56177
10000000 62467 62458
11000000 68856 68842
12000000 75125 75109
13000000 81387 81369
14000000 87590 87590
15000000 93882 93867
16000000 100186 100174
17000000 106346 106344
18000000 112701 112696
19000000 118915 118911
20000000 125284 125268
21000000 131615 131612
22000000 137691 137688
23000000 144002 143990
24000000 150301 150295
25000000 156603 156584
26000000 162875 162866
27000000 169065 169053
28000000 175332 175324
29000000 181494 181482
30000000 187720 187707
31000000 193912 193909
32000000 200177 200164
33000000 206418 206407
34000000 212726 212714
35000000 218936 218917
36000000 225121 225109
37000000 231433 231418
38000000 237740 237729
39000000 243893 243888
40000000 250111 250102
41000000 256318 256316
42000000 262635 262629
43000000 268662 268658
44000000 274825 274812
45000000 281125 281116
46000000 287333 287315
47000000 293708 293702
48000000 299943 299933
49000000 306159 306150
50000000 312312 312304
51000000 318491 318483
52000000 324695 324683
53000000 331088 331089
54000000 337369 337351
55000000 343767 343755
56000000 350035 350017
57000000 356381 356362
58000000 362788 362774
59000000 369029 369020
60000000 375408 375400
61000000 381747 381728
62000000 388026 388011
63000000 394390 394375
64000000 400594 400589
65000000 406894 406888
66000000 413256 413242
67000000 419708 419699
68000000 426125 426106
69000000 432414 432404
70000000 438732 438717
71000000 445044 445022
72000000 451208 451189
73000000 457310 457302
74000000 463601 463584
75000000 470026 470020
76000000 476166 476154
77000000 482526 482514
78000000 488668 488660
79000000 494950 494944
80000000 501188 501173
81000000 507347 507351
82000000 513665 513655
83000000 519839 519830
84000000 526206 526186
85000000 532483 532464
86000000 538679 538666
87000000 544887 544882
88000000 550999 550992
89000000 557183 557173
90000000 563470 563456
91000000 569733 569722
92000000 575951 575944
93000000 582191 582172
94000000 588528 588511
95000000 594751 594741
96000000 600950 600939
97000000 607102 607087
98000000 613440 613428
99000000 619807 619791
100000000 625993 625980
101000000 632207 632197
102000000 638372 638362
103000000 644666 644652
104000000 650926 650906
105000000 657108 657093
106000000 663355 663343
107000000 669550 669540
108000000 675813 675802
109000000 682059 682048
110000000 688284 688273
111000000 694529 694517
112000000 700684 700678
113000000 706968 706955
114000000 713127 713117
115000000 719459 719444
116000000 725654 725645
117000000 731944 731933
118000000 738222 738202
119000000 744354 744337
120000000 750621 750618
121000000 756776 756762
122000000 763006 763003
123000000 769167 769164
124000000 775442 775432
125000000 781943 781921
126000000 788264 788240
127000000 794483 794475
128000000 800762 800743
129000000 807037 807026
130000000 813243 813243
131000000 819548 819542
132000000 825758 825749
133000000 832120 832118
134000000 838282 838284
135000000 844553 844539
136000000 850884 850870
137000000 857160 857148
138000000 863382 863371
139000000 869757 869742
140000000 876035 876014
141000000 882505 882490
142000000 888653 888640
143000000 894836 894822
144000000 901076 901067
145000000 907488 907460
146000000 913979 913959
147000000 920280 920256
148000000 926600 926579
149000000 932821 932805
150000000 939198 939176
151000000 945544 945524
152000000 951748 951737
153000000 957939 957924
154000000 964154 964145
155000000 970435 970431
156000000 976764 976753
157000000 983018 982999
158000000 989331 989328
159000000 995597 995587
160000000 1002003 1001991
161000000 1008257 1008243
162000000 1014603 1014590
163000000 1020797 1020787
164000000 1027183 1027170
165000000 1033388 1033379
166000000 1039538 1039534
167000000 1045670 1045649
168000000 1051881 1051873
169000000 1058127 1058121
170000000 1064430 1064422
171000000 1070631 1070622
172000000 1076842 1076833
173000000 1083025 1083023
174000000 1089437 1089429
175000000 1095554 1095549
176000000 1101788 1101782
177000000 1107952 1107939
178000000 1114162 1114140
179000000 1120502 1120482
180000000 1126629 1126615
181000000 1133046 1133030
182000000 1139257 1139247
183000000 1145510 1145493
184000000 1151745 1151729
185000000 1157952 1157949
186000000 1164181 1164173
187000000 1170379 1170378
188000000 1176597 1176600
189000000 1182939 1182929
190000000 1189093 1189079
191000000 1195441 1195430
192000000 1201734 1201729
193000000 1208071 1208061
194000000 1214465 1214444
195000000 1220728 1220728
196000000 1226947 1226938
197000000 1233130 1233115
198000000 1239584 1239573
199000000 1245894 1245879
200000000 1252151 1252141
201000000 1258509 1258501
202000000 1264777 1264762
203000000 1271036 1271031
204000000 1277238 1277241
205000000 1283489 1283468
206000000 1289713 1289692
207000000 1296020 1296001
208000000 1302243 1302228
209000000 1308500 1308488
210000000 1314592 1314585
211000000 1320907 1320882
212000000 1327173 1327165
213000000 1333335 1333325
214000000 1339631 1339608
215000000 1345973 1345959
216000000 1352320 1352299
217000000 1358715 1358710
218000000 1364980 1364962
219000000 1371131 1371124
220000000 1377273 1377261
221000000 1383318 1383303
222000000 1389656 1389625
223000000 1395925 1395916
224000000 1402189 1402178
225000000 1408279 1408271
226000000 1414517 1414505
227000000 1420796 1420778
228000000 1427041 1427025
229000000 1433266 1433252
230000000 1439589 1439579
231000000 1445805 1445792
232000000 1452047 1452045
233000000 1458290 1458278
234000000 1464522 1464521
235000000 1470712 1470693
236000000 1477151 1477123
237000000 1483516 1483491
238000000 1489791 1489772
239000000 1496063 1496047
240000000 1502351 1502350
241000000 1508565 1508553
242000000 1514813 1514786
243000000 1521005 1520996
244000000 1527236 1527225
245000000 1533456 1533438
246000000 1539820 1539816
247000000 1546053 1546041
248000000 1552173 1552164
249000000 1558308 1558304
250000000 1564640 1564619
251000000 1570891 1570869
252000000 1577037 1577026
253000000 1583308 1583289
254000000 1589639 1589614
255000000 1595891 1595878
256000000 1602027 1602010
257000000 1608274 1608273
258000000 1614493 1614480
259000000 1620713 1620697
260000000 1627038 1627014
261000000 1633381 1633362
262000000 1639657 1639643
263000000 1645948 1645943
264000000 1652210 1652201
265000000 1658447 1658421
266000000 1664649 1664641
267000000 1670920 1670910
268000000 1677194 1677178
269000000 1683550 1683531
270000000 1689768 1689751
271000000 1696051 1696042
272000000 1702218 1702206
273000000 1708485 1708467
274000000 1714784 1714770
275000000 1721122 1721104
276000000 1727520 1727499
277000000 1733649 1733643
278000000 1740013 1739991
279000000 1746362 1746332
280000000 1752588 1752572
281000000 1758869 1758843
282000000 1765222 1765214
283000000 1771467 1771468
284000000 1777816 1777805
285000000 1783979 1783964
286000000 1790211 1790197
287000000 1796575 1796565
288000000 1802682 1802669
289000000 1808945 1808926
290000000 1815052 1815042
291000000 1821265 1821251
292000000 1827429 1827417
293000000 1833696 1833683
294000000 1839956 1839939
295000000 1846260 1846252
296000000 1852389 1852383
297000000 1858681 1858661
298000000 1865089 1865074
299000000 1871322 1871322
300000000 1877572 1877568
301000000 1883813 1883804
302000000 1890151 1890138
303000000 1896474 1896460
304000000 1902775 1902762
305000000 1909059 1909042
306000000 1915296 1915272
307000000 1921424 1921413
308000000 1927596 1927575
309000000 1933821 1933801
310000000 1940213 1940199
311000000 1946497 1946481
312000000 1952641 1952635
313000000 1958844 1958827
314000000 1965082 1965076
315000000 1971323 1971313
316000000 1977619 1977601
317000000 1983836 1983826
318000000 1990094 1990087
319000000 1996328 1996306
320000000 2002542 2002517
321000000 2008682 2008672
322000000 2014825 2014822
323000000 2021030 2021026
324000000 2027348 2027338
325000000 2033607 2033593
326000000 2039910 2039888
327000000 2046058 2046051
328000000 2052155 2052139
329000000 2058380 2058362
330000000 2064679 2064663
331000000 2071017 2071008
332000000 2077118 2077114
333000000 2083386 2083373
334000000 2089734 2089725
335000000 2095992 2095994
336000000 2102242 2102228
337000000 2108620 2108610
338000000 2114833 2114825
339000000 2121198 2121180
340000000 2127553 2127541
341000000 2133849 2133848
342000000 2140064 2140050
343000000 2146188 2146172
344000000 2152413 2152401
345000000 2158747 2158728
346000000 2164983 2164957
347000000 2171211 2171196
348000000 2177529 2177524
349000000 2183825 2183816
350000000 2190031 2190024
351000000 2196353 2196350
352000000 2202629 2202614
353000000 2208942 2208932
354000000 2215067 2215050
355000000 2221478 2221472
356000000 2227717 2227702
357000000 2233984 2233973
358000000 2240207 2240195
359000000 2246508 2246497
360000000 2252801 2252786
361000000 2258937 2258928
362000000 2265218 2265208
363000000 2271508 2271494
364000000 2277900 2277877
365000000 2284155 2284142
366000000 2290404 2290381
367000000 2296623 2296599
368000000 2303045 2303030
369000000 2309401 2309387
370000000 2315626 2315609
371000000 2321902 2321899
372000000 2328210 2328193
373000000 2334420 2334401
374000000 2340695 2340694
375000000 2347034 2347030
376000000 2353330 2353321
377000000 2359535 2359523
378000000 2365772 2365769
379000000 2371991 2371979
380000000 2378216 2378208
381000000 2384376 2384362
382000000 2390705 2390684
383000000 2396962 2396945
384000000 2403170 2403150
385000000 2409544 2409525
386000000 2415864 2415847
387000000 2422036 2422023
388000000 2428266 2428247
389000000 2434402 2434386
390000000 2440570 2440557
391000000 2446767 2446752
392000000 2452873 2452859
393000000 2459276 2459258
394000000 2465361 2465348
395000000 2471578 2471556
396000000 2477937 2477917
397000000 2484178 2484156
398000000 2490345 2490330
399000000 2496666 2496635
400000000 2503003 2502980
401000000 2509301 2509291
402000000 2515559 2515544
403000000 2521814 2521800
404000000 2528279 2528256
405000000 2534572 2534563
406000000 2540726 2540723
407000000 2546956 2546943
408000000 2553342 2553323
409000000 2559644 2559636
410000000 2565898 2565878
411000000 2572052 2572043
412000000 2578289 2578282
413000000 2584466 2584458
414000000 2590758 2590752
415000000 2596957 2596951
416000000 2603241 2603226
417000000 2609359 2609353
418000000 2615563 2615560
419000000 2621908 2621901
420000000 2628036 2628027
421000000 2634260 2634255
422000000 2640494 2640480
423000000 2646784 2646783
424000000 2653106 2653084
425000000 2659312 2659309
426000000 2665438 2665425
427000000 2671678 2671667
428000000 2677984 2677970
429000000 2684274 2684275
430000000 2690396 2690389
431000000 2696681 2696671
432000000 2702960 2702957
433000000 2709238 2709225
434000000 2715525 2715515
435000000 2721692 2721683
436000000 2727838 2727838
437000000 2734049 2734042
438000000 2740312 2740308
439000000 2746578 2746565
440000000 2752810 2752803
441000000 2759114 2759106
442000000 2765410 2765399
443000000 2771763 2771750
444000000 2778061 2778047
445000000 2784424 2784424
446000000 2790608 2790606
447000000 2796892 2796887
448000000 2803130 2803116
449000000 2809387 2809383
450000000 2815779 2815768
451000000 2822038 2822036
452000000 2828256 2828246
453000000 2834620 2834610
454000000 2840739 2840720
455000000 2847081 2847074
456000000 2853280 2853267
457000000 2859703 2859705
458000000 2865905 2865889
459000000 2872207 2872187
460000000 2878573 2878550
461000000 2884767 2884755
462000000 2891067 2891049
463000000 2897302 2897278
464000000 2903544 2903522
465000000 2909729 2909727
466000000 2916027 2916013
467000000 2922092 2922075
468000000 2928319 2928311
469000000 2934595 2934579
470000000 2940943 2940936
471000000 2947070 2947062
472000000 2953481 2953473
473000000 2959611 2959601
474000000 2965946 2965938
475000000 2972091 2972080
476000000 2978418 2978411
477000000 2984709 2984699
478000000 2991055 2991052
479000000 2997105 2997104
480000000 3003407 3003406
481000000 3009583 3009578
482000000 3015853 3015844
483000000 3022196 3022190
484000000 3028460 3028448
485000000 3034775 3034761
486000000 3041015 3041002
487000000 3047322 3047314
488000000 3053521 3053524
489000000 3059703 3059684
490000000 3065992 3065978
491000000 3072258 3072253
492000000 3078391 3078379
493000000 3084710 3084704
494000000 3090948 3090938
495000000 3097250 3097238
496000000 3103506 3103510
497000000 3109759 3109749
498000000 3116036 3116021
499000000 3122217 3122212
500000000 3128519 3128506
501000000 3134713 3134704
502000000 3140964 3140958
503000000 3147216 3147213
504000000 3153440 3153434
505000000 3159679 3159667
506000000 3166104 3166095
507000000 3172376 3172362
508000000 3178448 3178435
509000000 3184829 3184812
510000000 3191085 3191066
511000000 3197267 3197251
512000000 3203505 3203482
513000000 3209798 3209784
514000000 3216117 3216106
515000000 3222380 3222369
516000000 3228502 3228497
517000000 3234642 3234644
518000000 3240851 3240850
519000000 3247115 3247111
520000000 3253291 3253293
521000000 3259492 3259492
522000000 3265662 3265653
523000000 3271838 3271833
524000000 3278015 3278007
525000000 3284228 3284232
526000000 3290465 3290453
527000000 3296799 3296793
528000000 3303043 3303032
529000000 3309248 3309226
530000000 3315541 3315526
531000000 3321863 3321855
532000000 3328102 3328086
533000000 3334410 3334399
534000000 3340783 3340775
535000000 3346965 3346949
536000000 3353155 3353153
537000000 3359359 3359353
538000000 3365483 3365467
539000000 3371796 3371786
540000000 3378170 3378152
541000000 3384459 3384457
542000000 3390747 3390743
543000000 3397136 3397136
544000000 3403400 3403382
545000000 3409678 3409669
546000000 3415853 3415841
547000000 3421957 3421945
548000000 3428214 3428212
549000000 3434299 3434281
550000000 3440715 3440694
551000000 3447032 3447020
552000000 3453353 3453352
553000000 3459533 3459522
554000000 3465713 3465714
555000000 3471996 3471979
556000000 3478286 3478273
557000000 3484499 3484481
558000000 3490760 3490749
559000000 3496930 3496926
560000000 3503271 3503261
561000000 3509605 3509597
562000000 3515915 3515906
563000000 3522015 3522010
564000000 3528107 3528096
565000000 3534354 3534348
566000000 3540532 3540520
567000000 3546872 3546864
568000000 3553114 3553100
569000000 3559384 3559365
570000000 3565585 3565579
571000000 3571928 3571913
572000000 3578133 3578124
573000000 3584509 3584483
574000000 3590856 3590840
575000000 3597146 3597133
576000000 3603410 3603393
577000000 3609677 3609674
578000000 3615829 3615826
579000000 3622142 3622139
580000000 3628443 3628433
581000000 3634761 3634761
582000000 3640999 3640994
583000000 3647244 3647235
584000000 3653616 3653610
585000000 3659934 3659923
586000000 3666296 3666282
587000000 3672576 3672564
588000000 3678891 3678877
589000000 3685048 3685042
590000000 3691389 3691368
591000000 3697660 3697640
592000000 3703885 3703871
593000000 3710176 3710165
594000000 3716469 3716453
595000000 3722696 3722686
596000000 3729099 3729085
597000000 3735391 3735380
598000000 3741588 3741574
599000000 3747836 3747832
600000000 3754141 3754130
