# ColVar Mean_PMF Std_PMF
5.0000e-01 5.9789e+00 7.1703e-02
1.5000e+00 5.9789e+00 7.1703e-02
2.5000e+00 5.9789e+00 7.1703e-02
3.5000e+00 5.9789e+00 7.1703e-02
4.5000e+00 5.9789e+00 7.1703e-02
5.5000e+00 5.9789e+00 7.1703e-02
6.5000e+00 5.9789e+00 7.1703e-02
7.5000e+00 5.9789e+00 7.1703e-02
8.5000e+00 5.9789e+00 7.1703e-02
9.5000e+00 5.9789e+00 7.1703e-02
1.0500e+01 5.9789e+00 7.1703e-02
1.1500e+01 5.9789e+00 7.1703e-02
1.2500e+01 5.9789e+00 7.1703e-02
1.3500e+01 5.9789e+00 7.1703e-02
1.4500e+01 5.9789e+00 7.1703e-02
1.5500e+01 5.9789e+00 7.1703e-02
1.6500e+01 5.9789e+00 7.1703e-02
1.7500e+01 5.9789e+00 7.1703e-02
1.8500e+01 5.9789e+00 7.1703e-02
1.9500e+01 5.9789e+00 7.1703e-02
2.0500e+01 5.9789e+00 7.1703e-02
2.1500e+01 5.9789e+00 7.1703e-02
2.2500e+01 5.9789e+00 7.1703e-02
2.3500e+01 5.9789e+00 7.1703e-02
2.4500e+01 5.9789e+00 7.1703e-02
2.5500e+01 5.9789e+00 7.1703e-02
2.6500e+01 5.9789e+00 7.1703e-02
2.7500e+01 5.9789e+00 7.1703e-02
2.8500e+01 5.9789e+00 7.1703e-02
2.9500e+01 5.9789e+00 7.1703e-02
3.0500e+01 5.9789e+00 7.1703e-02
3.1500e+01 5.9789e+00 7.1703e-02
3.2500e+01 5.9789e+00 7.1703e-02
3.3500e+01 5.9789e+00 7.1703e-02
3.4500e+01 5.9789e+00 7.1703e-02
3.5500e+01 5.9789e+00 7.1703e-02
3.6500e+01 5.9789e+00 7.1703e-02
3.7500e+01 5.9789e+00 7.1703e-02
3.8500e+01 5.9789e+00 7.1703e-02
3.9500e+01 5.9789e+00 7.1703e-02
4.0500e+01 5.9789e+00 7.1703e-02
4.1500e+01 5.9789e+00 7.1702e-02
4.2500e+01 5.9742e+00 7.1945e-02
4.3500e+01 5.7780e+00 3.8503e-01
4.4500e+01 5.0168e+00 1.1695e+00
4.5500e+01 3.8368e+00 1.7545e+00
4.6500e+01 3.3098e+00 2.1513e+00
4.7500e+01 3.1083e+00 2.3094e+00
4.8500e+01 2.8949e+00 2.4818e+00
4.9500e+01 2.7198e+00 2.6221e+00
5.0500e+01 2.6201e+00 2.7017e+00
5.1500e+01 2.6177e+00 2.6960e+00
5.2500e+01 2.5531e+00 2.7238e+00
5.3500e+01 2.2365e+00 2.3845e+00
5.4500e+01 1.8432e+00 2.1958e+00
5.5500e+01 1.7882e+00 2.1559e+00
5.6500e+01 1.7269e+00 2.1041e+00
5.7500e+01 1.6458e+00 2.1144e+00
5.8500e+01 1.6732e+00 2.1053e+00
5.9500e+01 1.5743e+00 2.1265e+00
6.0500e+01 1.2281e+00 1.4152e+00
6.1500e+01 8.3647e-01 4.8074e-01
6.2500e+01 7.7042e-01 4.2195e-01
6.3500e+01 7.3743e-01 3.3378e-01
6.4500e+01 8.3973e-01 3.5249e-01
6.5500e+01 8.5297e-01 2.6443e-01
6.6500e+01 6.8425e-01 3.3189e-01
6.7500e+01 6.1218e-01 1.3585e-01
6.8500e+01 4.8188e-01 1.1285e-01
6.9500e+01 6.9469e-01 9.8748e-02
7.0500e+01 9.1064e-01 2.4374e-01
7.1500e+01 9.3641e-01 2.2520e-01
7.2500e+01 8.5914e-01 1.1628e-01
7.3500e+01 9.2455e-01 2.0247e-01
7.4500e+01 7.1873e-01 5.0490e-02
7.5500e+01 7.2309e-01 1.5976e-01
7.6500e+01 6.6697e-01 2.5580e-01
7.7500e+01 6.8931e-01 3.4907e-01
7.8500e+01 7.4484e-01 4.6220e-01
7.9500e+01 8.0839e-01 4.3362e-01
8.0500e+01 8.6920e-01 5.0124e-01
8.1500e+01 8.0519e-01 4.0646e-01
8.2500e+01 7.8501e-01 5.3397e-01
8.3500e+01 8.0438e-01 5.5596e-01
8.4500e+01 8.6519e-01 5.0031e-01
8.5500e+01 8.7033e-01 5.2651e-01
8.6500e+01 8.5253e-01 4.4741e-01
8.7500e+01 9.2120e-01 5.7501e-01
8.8500e+01 8.5281e-01 3.5892e-01
8.9500e+01 6.9903e-01 3.6637e-01
9.0500e+01 6.5921e-01 4.0143e-01
9.1500e+01 5.4586e-01 3.3582e-01
9.2500e+01 4.5997e-01 3.1086e-01
9.3500e+01 5.2063e-01 3.9940e-01
9.4500e+01 5.9681e-01 4.2623e-01
9.5500e+01 7.1913e-01 4.9602e-01
9.6500e+01 8.9860e-01 3.4449e-01
9.7500e+01 8.4546e-01 1.9698e-01
9.8500e+01 8.1820e-01 1.5458e-01
9.9500e+01 1.0083e+00 3.4200e-01
1.0050e+02 9.0170e-01 2.2153e-01
1.0150e+02 1.1931e+00 3.5578e-01
1.0250e+02 1.1580e+00 3.0424e-01
1.0350e+02 9.4376e-01 2.4316e-01
1.0450e+02 1.0317e+00 2.7326e-01
1.0550e+02 1.0444e+00 1.5121e-01
1.0650e+02 9.9219e-01 2.0754e-01
1.0750e+02 1.0615e+00 4.8094e-01
1.0850e+02 1.1918e+00 4.9610e-01
1.0950e+02 1.2351e+00 8.5319e-01
1.1050e+02 1.1419e+00 6.6213e-01
1.1150e+02 1.1897e+00 5.4103e-01
1.1250e+02 1.2635e+00 8.6079e-01
1.1350e+02 1.2273e+00 6.8851e-01
1.1450e+02 1.1923e+00 4.0574e-01
1.1550e+02 1.2315e+00 4.3914e-01
1.1650e+02 1.1950e+00 4.7331e-01
1.1750e+02 1.2422e+00 4.3462e-01
1.1850e+02 1.3853e+00 6.3148e-01
1.1950e+02 1.1669e+00 4.1907e-01
1.2050e+02 1.1257e+00 5.8858e-01
1.2150e+02 1.0189e+00 5.1818e-01
1.2250e+02 1.1649e+00 5.2647e-01
1.2350e+02 1.0853e+00 5.7470e-01
1.2450e+02 1.0429e+00 2.4292e-01
1.2550e+02 1.1069e+00 1.5376e-01
1.2650e+02 1.0949e+00 2.8419e-01
1.2750e+02 1.0973e+00 2.7380e-01
1.2850e+02 1.0272e+00 3.4132e-01
1.2950e+02 1.0325e+00 1.8928e-01
1.3050e+02 1.1060e+00 2.0784e-01
1.3150e+02 1.2037e+00 3.3820e-01
1.3250e+02 1.2450e+00 5.2011e-01
1.3350e+02 1.1497e+00 2.3576e-01
1.3450e+02 1.3184e+00 3.9727e-01
1.3550e+02 1.2498e+00 4.6374e-01
1.3650e+02 1.0595e+00 3.7283e-01
1.3750e+02 1.1055e+00 4.5719e-01
1.3850e+02 1.2532e+00 3.4754e-01
1.3950e+02 1.4459e+00 4.4023e-01
1.4050e+02 1.1742e+00 2.3289e-01
1.4150e+02 1.1523e+00 2.0381e-01
1.4250e+02 1.0352e+00 1.2607e-01
1.4350e+02 1.2258e+00 2.8123e-01
1.4450e+02 1.2624e+00 3.7960e-01
1.4550e+02 1.2493e+00 3.8140e-01
1.4650e+02 1.2070e+00 4.1826e-01
1.4750e+02 1.3809e+00 4.6852e-01
1.4850e+02 1.4827e+00 3.3398e-01
1.4950e+02 1.3785e+00 3.3158e-01
1.5050e+02 1.3193e+00 2.4575e-01
1.5150e+02 1.1658e+00 2.0977e-01
1.5250e+02 1.4236e+00 2.3264e-01
1.5350e+02 1.4887e+00 2.5482e-01
1.5450e+02 1.4537e+00 1.1367e-01
1.5550e+02 1.4368e+00 2.1161e-01
1.5650e+02 1.5058e+00 3.1766e-01
1.5750e+02 1.6735e+00 7.5797e-01
1.5850e+02 1.8762e+00 5.6012e-01
1.5950e+02 1.6134e+00 3.6548e-01
1.6050e+02 1.6736e+00 2.7466e-01
1.6150e+02 1.8105e+00 3.8219e-01
1.6250e+02 1.7869e+00 3.9365e-01
1.6350e+02 1.6010e+00 2.1570e-01
1.6450e+02 1.5927e+00 3.1786e-01
1.6550e+02 1.3989e+00 1.4419e-01
1.6650e+02 1.3801e+00 2.2011e-01
1.6750e+02 1.3308e+00 2.3944e-01
1.6850e+02 1.5291e+00 4.5147e-01
1.6950e+02 1.6948e+00 3.8516e-01
1.7050e+02 1.8383e+00 4.4487e-01
1.7150e+02 1.8398e+00 3.6976e-01
1.7250e+02 1.8725e+00 5.1975e-01
1.7350e+02 1.5639e+00 3.2858e-01
1.7450e+02 1.7638e+00 1.7045e-01
1.7550e+02 1.9677e+00 1.2627e-01
1.7650e+02 2.0666e+00 3.6673e-01
1.7750e+02 1.7690e+00 3.0779e-01
1.7850e+02 1.6672e+00 2.0212e-01
1.7950e+02 1.7349e+00 2.6939e-01
1.8050e+02 1.6515e+00 3.4658e-01
1.8150e+02 1.7737e+00 3.6392e-01
1.8250e+02 1.7805e+00 4.4459e-01
1.8350e+02 1.8549e+00 3.6618e-01
1.8450e+02 1.7097e+00 2.9583e-01
1.8550e+02 1.5670e+00 2.3613e-01
1.8650e+02 1.5629e+00 1.8987e-01
1.8750e+02 1.6140e+00 2.3310e-01
1.8850e+02 1.5880e+00 2.7896e-01
1.8950e+02 1.7183e+00 2.2305e-01
1.9050e+02 1.7471e+00 2.8010e-01
1.9150e+02 1.8373e+00 3.7071e-01
1.9250e+02 1.8315e+00 5.1207e-01
1.9350e+02 1.8495e+00 3.8993e-01
1.9450e+02 1.6691e+00 3.4843e-01
1.9550e+02 1.6217e+00 2.7997e-01
1.9650e+02 1.8017e+00 4.9882e-01
1.9750e+02 1.9617e+00 5.7433e-01
1.9850e+02 2.0976e+00 3.5330e-01
1.9950e+02 2.3373e+00 3.0562e-01
2.0050e+02 2.1088e+00 3.0591e-01
2.0150e+02 2.1679e+00 2.4960e-01
2.0250e+02 1.7529e+00 4.2057e-01
2.0350e+02 1.9012e+00 4.3716e-01
2.0450e+02 2.0182e+00 4.5939e-01
2.0550e+02 2.0122e+00 6.2599e-01
2.0650e+02 1.9892e+00 5.2790e-01
2.0750e+02 1.8400e+00 3.3895e-01
2.0850e+02 1.7598e+00 3.6704e-01
2.0950e+02 1.8333e+00 2.8830e-01
2.1050e+02 2.0421e+00 6.0311e-01
2.1150e+02 1.9940e+00 4.7183e-01
2.1250e+02 1.8907e+00 4.3093e-01
2.1350e+02 2.0692e+00 3.4927e-01
2.1450e+02 2.1561e+00 2.7805e-01
2.1550e+02 2.1076e+00 2.3994e-01
2.1650e+02 2.1614e+00 4.8652e-01
2.1750e+02 1.9510e+00 3.5610e-01
2.1850e+02 1.7636e+00 3.9578e-01
2.1950e+02 1.7867e+00 3.9870e-01
2.2050e+02 1.8160e+00 4.0178e-01
2.2150e+02 1.9698e+00 5.4352e-01
2.2250e+02 2.0435e+00 3.5025e-01
2.2350e+02 1.9538e+00 1.9446e-01
2.2450e+02 1.9197e+00 2.0344e-01
2.2550e+02 2.3703e+00 3.0278e-01
2.2650e+02 2.4237e+00 3.7518e-01
2.2750e+02 2.3408e+00 4.0864e-01
2.2850e+02 2.1003e+00 3.2359e-01
2.2950e+02 2.2040e+00 2.7607e-01
2.3050e+02 2.3295e+00 2.3100e-01
2.3150e+02 2.1183e+00 3.6837e-01
2.3250e+02 2.3253e+00 3.9075e-01
2.3350e+02 2.3505e+00 5.7023e-01
2.3450e+02 2.3337e+00 3.2040e-01
2.3550e+02 2.1508e+00 4.1432e-01
2.3650e+02 2.0887e+00 3.9539e-01
2.3750e+02 2.1043e+00 4.0106e-01
2.3850e+02 2.0403e+00 1.8387e-01
2.3950e+02 2.1612e+00 4.9273e-01
2.4050e+02 2.2226e+00 4.5383e-01
2.4150e+02 2.1709e+00 3.6567e-01
2.4250e+02 1.9770e+00 2.1146e-01
2.4350e+02 1.9766e+00 4.4081e-01
2.4450e+02 1.9527e+00 3.9457e-01
2.4550e+02 2.0913e+00 3.7154e-01
2.4650e+02 2.0699e+00 2.2686e-01
2.4750e+02 2.2318e+00 1.4063e-01
2.4850e+02 2.0971e+00 3.0458e-01
2.4950e+02 1.9469e+00 3.7852e-01
2.5050e+02 1.9727e+00 3.6292e-01
2.5150e+02 2.0098e+00 5.9230e-01
2.5250e+02 1.9039e+00 1.9982e-01
2.5350e+02 2.0741e+00 1.3509e-01
2.5450e+02 2.2851e+00 3.2491e-01
2.5550e+02 2.1114e+00 2.7793e-01
2.5650e+02 2.3512e+00 1.7006e-01
2.5750e+02 2.3189e+00 3.3974e-01
2.5850e+02 2.3038e+00 4.3163e-01
2.5950e+02 2.4222e+00 2.1924e-01
2.6050e+02 2.4854e+00 3.8795e-01
2.6150e+02 2.5080e+00 1.4659e-01
2.6250e+02 2.7624e+00 2.8400e-01
2.6350e+02 2.7461e+00 3.4825e-01
2.6450e+02 2.4979e+00 2.5907e-01
2.6550e+02 2.4270e+00 3.7094e-01
2.6650e+02 2.2527e+00 3.8186e-01
2.6750e+02 2.3147e+00 4.5829e-01
2.6850e+02 2.2315e+00 4.5575e-01
2.6950e+02 2.5611e+00 4.8119e-01
2.7050e+02 2.4176e+00 4.7148e-01
2.7150e+02 2.1278e+00 3.4395e-01
2.7250e+02 2.0416e+00 1.8755e-01
2.7350e+02 2.0965e+00 3.5277e-01
2.7450e+02 2.0452e+00 2.1503e-01
2.7550e+02 2.0209e+00 1.8394e-01
2.7650e+02 2.1645e+00 5.0997e-01
2.7750e+02 2.0475e+00 2.6294e-01
2.7850e+02 1.9411e+00 2.7695e-01
2.7950e+02 1.9629e+00 2.0557e-01
2.8050e+02 2.1431e+00 3.2189e-01
2.8150e+02 1.9511e+00 3.8440e-01
2.8250e+02 1.9105e+00 1.9398e-01
2.8350e+02 2.0297e+00 3.8270e-01
2.8450e+02 1.9910e+00 3.2418e-01
2.8550e+02 2.1826e+00 3.9154e-01
2.8650e+02 2.1824e+00 2.1025e-01
2.8750e+02 2.4952e+00 2.3864e-01
2.8850e+02 2.4907e+00 3.3379e-01
2.8950e+02 2.3662e+00 5.0870e-01
2.9050e+02 2.1504e+00 2.9320e-01
2.9150e+02 2.1307e+00 2.3792e-01
2.9250e+02 2.2025e+00 3.1544e-01
2.9350e+02 2.0812e+00 4.6842e-01
2.9450e+02 1.9946e+00 2.2864e-01
2.9550e+02 2.3849e+00 1.4025e-01
2.9650e+02 2.5546e+00 2.6054e-01
2.9750e+02 2.3513e+00 3.2100e-01
2.9850e+02 2.4421e+00 1.8603e-01
2.9950e+02 2.3951e+00 1.7343e-01
3.0050e+02 3.4452e+00 1.0406e+00
3.0150e+02 4.5872e+00 1.7432e+00
3.0250e+02 4.9747e+00 1.7108e+00
3.0350e+02 5.0982e+00 1.8095e+00
3.0450e+02 5.0187e+00 1.9758e+00
3.0550e+02 5.2826e+00 1.4481e+00
3.0650e+02 5.9508e+00 1.2030e-01
3.0750e+02 5.9789e+00 7.1745e-02
3.0850e+02 5.9789e+00 7.1703e-02
3.0950e+02 5.9789e+00 7.1703e-02
