# Steps Temp KinEng PotEng Epair Ebond Eangle Bonds
1000000 313.62772673257444467 9347.7119333513110178 1238.5681584177373225 -7615.4290896176271417 3114.2777820336168588 5739.7194660017476053 10504
2000000 308.86133889720923662 9205.6491734295304923 1416.0572963663298651 -7452.8223337087274558 3085.3542932917071084 5783.525336783351122 10506
3000000 311.40348367585363576 9281.4181028262082691 1308.3667051480149439 -7544.8265603340150847 3111.6764945555246413 5741.5167709265051599 10514
4000000 308.62340037825549643 9198.5573873932644346 1118.9777309460769175 -7668.1513244662801299 3092.1668599698250546 5694.9621954425329022 10504
5000000 312.8387897629810368 9324.1975725447537116 1187.37786163114788 -7539.3267883499247546 3073.689529821409451 5653.0151201596636383 10511
6000000 313.67678363852212442 9349.1740803047014197 1275.7049928353562791 -7523.9705872272134002 3090.7815538128061235 5708.8940262497644653 10510
7000000 307.96481576199789743 9178.9281940797463903 1221.4019519423200109 -7491.7556390137287963 3057.1859606915959375 5655.9716302644519601 10507
8000000 307.09445559512624868 9152.9870051327725378 1009.7125931131627112 -7800.0380996223639158 3075.8010538134381022 5733.9496389220885249 10508
9000000 315.4095793487833248 9400.8202638472685067 1298.041242694063385 -7574.2837198605539015 3085.6393912855937742 5786.6855712690230575 10510
10000000 310.12230240298669059 9243.2323416438866843 1405.6716010882576029 -7468.9589443675440634 3091.1943756637410843 5783.4361697920612642 10518
11000000 306.79273017851488703 9143.9940429771704657 1268.844802165634519 -7627.2897445107046224 3141.1570057356243524 5754.9775409407138795 10502
12000000 312.28195532548625124 9307.6010554877357208 1300.30096058121444 -7491.8154603977036459 3137.3818497083393595 5654.7345712705782717 10500
13000000 307.79269351657279685 9173.7980699535492022 1354.8467702583338905 -7537.2999374387536591 3128.3855554590736574 5763.7611522380138922 10511
14000000 308.64261510039330005 9199.1300844863908424 1388.1225603059713194 -7479.3304535101651709 3102.5526160509889451 5764.9003977651473178 10505
15000000 315.33829483745802236 9398.6956204551770497 1337.1211570712612229 -7501.179291035496135 3038.4174289471884549 5799.883019159568903 10506
16000000 308.53156984536860818 9195.8203673693788005 1323.8233803755963436 -7608.3567319043932002 3198.465031027234545 5733.7150812527543167 10504
17000000 311.65054618208586135 9288.7818303953590657 1278.2455269716704152 -7612.3145292507479098 3115.018820783598585 5775.5412354388199674 10518
18000000 309.59538896663929108 9227.5276236073095788 1426.898760789667449 -7588.9567037183960565 3165.6668736141618865 5850.1885908939020737 10520
19000000 309.03707397911131238 9210.886978579344941 1107.0022339943955103 -7658.4086877776808251 3101.4600867452427337 5663.9508350268333743 10506
20000000 312.97576217422658829 9328.2800516561492259 1187.6355347955172874 -7628.9508295410350911 3066.0007599765322084 5750.5856043600197154 10507
21000000 314.10538978321500281 9361.9487377471195941 1118.1568596077959228 -7690.8731026619716431 3103.163280858516373 5705.8666814112521024 10503
22000000 309.99990937883688957 9239.5844029098861938 1197.5877457511676312 -7711.5837592250663874 3183.3991311124900676 5725.7723738637450879 10516
23000000 309.78387849851560532 9233.1455766651852173 1256.8015675312376516 -7574.8872915793381253 3090.9559912943173003 5740.7328678162584765 10505
24000000 312.61482576588889515 9317.5222988051827997 1157.4896214273699115 -7672.2080926713206281 3077.5499651113459549 5752.1477489873450395 10507
25000000 306.24911853404398698 9127.7916328488645377 1222.0710528218719446 -7585.2588648876862862 3123.2473969354623478 5684.0825207740963378 10519
26000000 309.45484147512058826 9223.3385888004722801 1025.3438441922128277 -7695.2846862674505246 3084.9977111845846593 5635.6308192750784656 10501
27000000 309.28047635810423799 9218.1416156180475809 1105.9783177583149154 -7610.8857149608720647 3068.3556093423931088 5648.5084233767938713 10517
28000000 308.56694171010531136 9196.8746300315124245 1195.8192007401657975 -7541.9641524911567103 3050.109246526201332 5687.674106705120721 10503
29000000 310.17819610479853054 9244.898260116302481 1196.4840392077485376 -7658.8956865527015907 3124.6486407921252066 5730.7310849683253764 10501
30000000 307.5644766238958141 9166.9960381520431838 1127.0796430637167305 -7690.598959526319959 3095.1334054118287895 5722.5451971782076726 10514
31000000 310.05613711347092476 9241.2602772705486132 1118.9402258384575362 -7595.7581895489547605 3046.573305326787704 5668.125110060624138 10507
32000000 309.91784849314780104 9237.1385683900589356 1276.1719909294952231 -7551.6193056523725318 3085.0793291987051816 5742.711967383163028 10495
33000000 311.64575064400213478 9288.6388988087946927 1227.40993814776607 -7530.4433064282839041 3096.2673208998903647 5661.5859236761589273 10510
34000000 311.29113787450995687 9278.0696227704956982 1298.9590679203899981 -7506.677197363887899 3131.3564994944454156 5674.2797657898317993 10509
35000000 307.4209952527197629 9162.7195587108617474 1155.6352723138193141 -7589.1908984861092904 3062.6811027480994198 5682.1450680518300942 10503
36000000 314.06805450772390031 9360.8359553924510692 1229.5528962576308913 -7609.4284904743799416 3147.2607250560417924 5691.7206616759685858 10516
37000000 311.26127931316807462 9277.179684775930582 1143.1483446869083309 -7636.1975403357218966 3049.8138459798578879 5729.5320390427723396 10511
38000000 311.12849014841469852 9273.2218878269286506 1107.6106847542582727 -7617.4107861335269263 3022.5368827969568883 5702.4845880908287654 10504
39000000 309.8679957290908078 9235.6527007904660422 1162.1896143399098946 -7686.6262106455305911 3093.2134382715057654 5755.6023867139338108 10509
40000000 311.80565220347091326 9293.4047839273716818 1094.3495828156899279 -7729.1168655045239575 3072.3113786773565153 5751.155069642856688 10507
41000000 303.287507103774999 9039.5204496945734718 1100.0140960657131473 -7711.1901448186508787 3086.3190976897603832 5724.885143194603188 10508
42000000 307.52504088120957704 9165.8206511212174519 905.50174716901756256 -7800.4470213007498387 3046.159727794261471 5659.7890406755059303 10510
43000000 311.71532383580256464 9290.7125361176185834 1133.6571195976064246 -7741.5587393071200495 3119.9294408248733816 5755.2864180798533198 10506
44000000 309.72829474678667339 9231.4888962920886115 1196.3422372726679441 -7637.5196699597654515 3114.5481148297139953 5719.3137924027196277 10518
45000000 313.37451700425555146 9340.1649870921064576 1037.5852855474668104 -7750.749712448918217 3072.2029745331547019 5716.1320234632294159 10495
46000000 305.78486649020646837 9113.9545451159847289 1162.1742218923518521 -7630.597900878314249 3083.5885693521045141 5709.1835534185611323 10506
47000000 309.0222129330899179 9210.4440433239597041 1212.5373880357451526 -7703.4297547990536259 3107.5858502673982002 5808.381292567401033 10503
48000000 309.05985076834815573 9211.5658435087007092 1168.1701193982516997 -7675.1138945530665296 3018.5129868202202488 5824.7710271310988901 10520
49000000 306.41305910638004661 9132.6779012293809501 1183.1223744633484785 -7718.3076694340415997 3108.6953333295850825 5792.7347105678036314 10505
50000000 313.13066221195271055 9332.8968658205540123 924.09847173134539844 -7767.5540185117079091 3044.2380170433311832 5647.4144731997212148 10516
51000000 310.68187158595981145 9259.9103681172073266 1190.9626455990710383 -7721.9876103398928535 3144.5895744550161908 5768.3606814839486105 10514
52000000 313.68433569862799004 9349.3991703600622714 1292.0127320943852283 -7616.4943294364984467 3133.358985802125062 5775.1480757287590677 10501
53000000 309.34277389285796289 9219.9984010977714206 1012.6546443581449921 -7804.3016790622732515 3082.2339644586509166 5734.7223589617678954 10516
54000000 309.78784931556765514 9233.2639273426884756 1055.5779278937282015 -7673.6810750839013053 3077.3877085167646328 5651.8712944608651014 10515
55000000 314.51603735994763156 9374.1881379220249073 1022.3509022906580412 -7750.4283202730639459 3043.8573052889842074 5728.9219172747380071 10514
56000000 308.18623425841605012 9185.5275988670582592 988.23220571316483074 -7742.2530942629127821 3033.8025399469734111 5696.6827600291044291 10498
57000000 308.07275716866581661 9182.1454006249859958 892.40913437616336523 -7866.779131607596355 3110.0606901350238331 5649.1275758487363419 10509
58000000 310.55287880290512703 9256.0657227791234618 1280.5244325225039574 -7647.1679035287679653 3141.9294493793536276 5785.7628866719187499 10507
59000000 307.82296382991233941 9174.7002802656861604 1125.3306578334354526 -7738.8859645516185992 3058.9087548148772839 5805.3078675701763132 10517
60000000 308.05509111602765415 9181.6188618116557336 1058.3733407284066743 -7787.7564890405792539 3121.0107612256219909 5725.1190685433648468 10512
61000000 313.02017887819374664 9329.6038968341217696 1029.3093585086942312 -7841.0962471773709694 3155.5025639995315032 5714.9030416865334701 10509
62000000 313.01574278211285218 9329.4716784594747878 919.56916489108471069 -7900.6796240062212746 3076.3993023549919599 5743.8494865423135707 10506
63000000 308.8579888334091379 9205.5493243769997207 953.29352617081190147 -7826.2928613557614881 3069.0234107276119175 5710.5629767989603351 10515
64000000 309.80643979844671776 9233.8180189099930431 1000.0699150620855562 -7819.0692739618507403 3119.2837389728024391 5699.8554500511327205 10523
65000000 311.3377218562918074 9279.4580639231389796 989.27874239722564198 -7819.9870214397378732 3055.0494588043648037 5754.2163050325998483 10512
66000000 311.92663259006565113 9297.0106188299632777 1023.749847049382879 -7749.8302185238399034 3052.6021937527166301 5720.9778718205052428 10521
67000000 313.67661322950272051 9349.1690012434810342 1151.2375254625603702 -7667.4346509817169135 3101.1693834573688946 5717.5027929869083891 10505
68000000 311.94916650705971506 9297.6822449230548955 943.67877453859273373 -7778.7340360471698659 3005.3719525962869739 5717.0408579894756258 10524
69000000 309.06188735929083578 9211.6265443455067725 938.13636376504780401 -7818.6371014081842077 3087.478340520648544 5669.2951246525835813 10517
70000000 311.54419079477702326 9285.6118953469467669 1054.6886732019261217 -7794.2752646901208209 3136.1973937763764297 5712.7665441156696033 10509
71000000 305.10896699793403286 9093.8092798504276288 988.00521599093622171 -7725.7297235943433407 3116.0757023142195976 5597.6592372710601921 10508
72000000 309.13082717040862235 9213.6813036672756425 919.19340049796119274 -7813.1845847946688082 3080.1676593858569504 5652.2103259067725958 10515
73000000 315.89361077402207911 9415.2468784102056816 893.86166333220535307 -7842.3967116059129694 3046.0462946983598158 5690.2120802397585067 10524
74000000 308.70451638431802621 9200.9750596627291088 917.85066274315545343 -7881.6163348602913175 3098.6536344002906844 5700.8133632031567686 10510
75000000 311.79328554760326142 9293.0361942690724391 862.31091884255215518 -7862.4491258072685014 3160.5077652915761064 5564.252279358243868 10512
76000000 307.43237957849532904 9163.058869903192317 1000.80122503773066 -7759.3604403008494046 3082.1852493271176172 5677.9764160114627884 10503
77000000 309.76104321925663498 9232.4649684337182407 1111.6167571231746933 -7705.8739031510413042 3138.7237590741415261 5678.7669012000751536 10506
78000000 310.75159660193281752 9261.9885305636671546 1144.5122206432811254 -7738.1147621809968769 3142.354210725338362 5740.2727720989405498 10506
79000000 311.55120014256851846 9285.8208097968217771 938.81549773925348745 -7884.4610748055747536 3084.9922147700581263 5738.2843577747698873 10512
80000000 308.07508757088282891 9182.2148585419890878 1131.9728520054295586 -7704.8798812664426805 3182.1212985388683592 5654.73143473300388 10513
81000000 310.34846714240785559 9249.973208771980353 1126.9823844528925747 -7720.6937845134552845 3112.6439974067707226 5735.032171559577364 10515
82000000 306.24741208154910055 9127.7407718280101108 1010.2461544288883033 -7837.674588667642638 3113.5403754050321368 5734.3803676914985772 10507
83000000 307.87941255557507247 9176.3827412904083758 956.89523734604517813 -7852.6586558517174126 3163.3464937517505859 5646.20739944601155 10513
84000000 307.8642065563241772 9175.9295246627298184 1100.0741183141049078 -7802.9068241233571825 3174.3381358822612128 5728.6428065552008775 10509
85000000 309.52396143262387795 9225.3987174068206514 1007.661755105863449 -7888.4795658068305784 3091.3181626786654306 5804.8231582340295063 10507
86000000 310.92082059891339441 9267.0322720480835414 905.41905799961421053 -7797.912320840452594 3109.7507857919845264 5593.5805930480828465 10505
87000000 307.52489330261596479 9165.8162525235711655 1027.9100541404509386 -7693.3376622731011594 3071.0858603213482638 5650.1618560922051984 10501
88000000 308.94402939084926629 9208.1137734896929032 995.56896725366129886 -7768.4077966862305402 3079.6141053513874795 5684.3626585885031091 10502
89000000 312.33091555916644211 9309.0603211126217502 997.05091526254761902 -7716.0611501041385054 3101.0794832240062533 5612.0325821426795301 10506
90000000 309.16671756819823713 9214.7510212691140623 914.96236470301096233 -7851.366432912845994 3074.9290742473813225 5691.3997233684758612 10500
91000000 310.11736803169571886 9243.0852721169630968 905.1453941560948806 -7870.4419079639319534 3055.4394618162764345 5720.1478403037508542 10508
92000000 310.02055563593518173 9240.1997670738510351 892.85699900388362948 -7807.2538437652056018 3075.0179880209516341 5625.0928547481380519 10511
93000000 313.31848355966951658 9338.4949035695808561 934.90039806956121993 -7773.8081463740600157 3052.4767925263263351 5656.2317519172947868 10514
94000000 309.80598636651842526 9233.8045043170986901 1068.3832119920461992 -7841.8866620004891956 3157.2293757303705206 5753.0404982621657837 10511
95000000 305.52305393870091166 9106.151190682028755 1028.2855840606644051 -7814.0024709699164305 3131.163724734700736 5711.1243302958810091 10501
96000000 312.8304422475824822 9323.9487738491861819 970.03601932104743355 -7916.3142555528174853 3119.8273281159808903 5766.5229467578847107 10510
97000000 305.5525837229392323 9107.0313294356710685 932.85974859379780355 -7866.7916804065171164 3100.5227425110797412 5699.1286864892344965 10522
98000000 308.66928692015403612 9199.9250412667079217 1185.9470807937500467 -7715.428348658014329 3135.3032226495397481 5766.0722068022241729 10520
99000000 304.48054669387181548 9075.0791374722575711 861.7152991276781222 -7812.194409948451721 2976.1972388591821073 5697.7124702169467128 10516
100000000 313.66116371082790693 9348.7085264902270865 948.19552634072476849 -7790.2232841062186708 3099.4405165208090693 5638.9782939261340289 10507
101000000 312.20283933289351808 9305.2429938591194514 908.42621456404208402 -7881.2188592841448553 3050.5835466712087509 5739.0615271769784158 10515
102000000 309.16466814674760144 9214.6899380174836551 907.94992075749757987 -7922.495567510213732 3051.2441848225798822 5779.2013034451301792 10504
103000000 310.12990319151992935 9243.4588840558571974 1028.9643790781790358 -7775.7153910256784002 3122.8762259226250535 5681.8035441812335193 10504
104000000 311.37517132763088057 9280.5742498987256113 860.03671214584733207 -7886.9676707534981688 3022.8887429399228495 5724.1156399594219693 10500
105000000 309.1606861689484731 9214.5712546925769857 860.46987787067325826 -7864.4808321096061263 3102.5646244772815407 5622.386085502997048 10514
106000000 308.00698846486898219 9180.1851565364686394 955.86979813318885135 -7814.3271960672173009 3091.5802296168085377 5678.6167645835976145 10511
107000000 306.19950616754130124 9126.3129303271507524 892.32961426147539896 -7857.0254050144612847 3022.9553393268629407 5726.3996799490741978 10523
108000000 311.32721361713771557 9279.1448645974196552 844.06293674484061285 -7862.5621379216736386 3056.6963905004745357 5649.9286841660386926 10499
109000000 306.2932721398719309 9129.1076363553092961 995.92489566412291424 -7847.4112822975612289 3126.6661116286986726 5716.670066332985698 10513
110000000 309.32236877586848323 9219.3902241436117038 1064.5692983100332185 -7797.3465932790677471 3099.6302555702918653 5762.2856360188079634 10518
111000000 309.94770607906252735 9238.0284773119001329 1041.0171418025558978 -7722.2130832996936078 3146.1675592104429597 5617.062665891807228 10523
112000000 310.05336065623902186 9241.177524630436892 1064.821317069941415 -7759.9169605979750486 3074.8377267786131597 5749.9005508893033038 10517
113000000 311.32557117389274026 9279.0959113799199258 928.77538136407156344 -7845.1290785076134853 3055.2847162321872929 5718.6197436394977558 10523
114000000 309.68843978295166153 9230.3010143247465749 962.85391312064348313 -7768.9038010802951248 3084.9057980243587735 5646.8519161765798344 10517
115000000 309.75762288814098611 9232.3630250554360828 1124.9459545605050153 -7701.4128813002535026 3147.3158518613477099 5679.0429839994103531 10503
116000000 310.9029612412096526 9266.4999717541377322 878.69046645341916246 -7781.6292932640290019 3070.3606968779613453 5589.9590628394871601 10505
117000000 316.19475518994698859 9424.2225237708080385 1076.3740714795790154 -7822.3961599266767735 3142.6203236409683086 5756.149907765287935 10518
118000000 311.56286173206871126 9286.1683848676493653 871.57289491393396474 -7939.025592499272534 3103.4781427503312443 5707.1203446628760503 10513
119000000 309.11763007148044835 9213.287962554160913 880.57258334483435647 -7800.3943977441267634 3034.7283186155159456 5646.2386624734444922 10518
120000000 312.62928161758338774 9317.9531571951574733 945.56270096312459827 -7749.5192546529542597 3107.5636576416350181 5587.5182979744440672 10511
121000000 310.59751145035710351 9257.3960041785085195 1143.1291766320043735 -7774.5811920359283249 3167.151245449902035 5750.559123218030436 10516
122000000 306.76096435478626745 9143.047258798889743 904.85460796615609524 -7908.1859087440843723 3035.7627188439896599 5777.2777978662506939 10517
123000000 307.61228322988660011 9168.4209197655691241 1042.5011193268724128 -7763.3584132021996993 3104.2911742002102073 5701.5683583288628142 10524
124000000 308.77950355071925514 9203.2100611325276986 854.6979172417816244 -7907.8101676567002869 3059.2101031800993951 5703.2979817183813793 10510
125000000 311.93604685548513089 9297.2912121375848074 916.66832510424023894 -7891.2087607528637818 3123.8276001023218669 5684.0494857547819265 10507
126000000 310.57509703261035838 9256.7279397747861367 808.00928207252741231 -8007.1046717236822587 3079.1606843782783471 5735.9532694179315513 10519
127000000 312.08914263230440156 9301.8542500897092395 706.1478998008498138 -8030.9751147468859926 3108.3024932624521171 5628.8205212852844852 10514
128000000 314.02925673823602892 9359.6795832291609258 817.33270105016822527 -7951.4054344033047528 3073.0655122458229016 5695.6726232076498491 10516
129000000 310.37139835232846963 9250.6566762283000571 1057.5967977412742584 -7786.4114987962857413 3124.6993213314367495 5719.3089752061232502 10509
130000000 306.54512267948473436 9136.6140718324477348 922.65427360334297191 -7932.796046094886151 3120.6467164801488252 5734.8036032180807524 10513
131000000 310.06071939944285987 9241.3968528523946588 1002.4395152885945208 -7807.7270696607147329 3114.2368240492273799 5695.9297609000823286 10509
132000000 312.42092388098143374 9311.7430299174084212 1036.5848530608727742 -7839.3702926057167133 3123.2081509542654203 5752.746994712324522 10509
133000000 308.27779182189391349 9188.2564830050359888 921.34662074308835145 -7764.9767461030187405 3090.3452522769616735 5595.9781145691449638 10510
134000000 309.07192240534567418 9211.9256400942667824 1107.6238732333536063 -7763.4310350825344358 3154.1465469999320703 5716.9083613159564266 10511
135000000 307.5544282106133096 9166.6965439914638409 910.48315746005960136 -7843.764810976361332 3118.7300976108922441 5635.5178708255280071 10502
136000000 306.94522698872083311 9148.5392286576952756 825.94865827531316427 -7897.8157890518432396 3058.0767590801369806 5665.6876882470187411 10509
137000000 305.76107944435233321 9113.245569367230928 934.12708584447955218 -7775.6106304533532239 3122.9779160676635001 5586.7598002301683664 10501
138000000 309.72030235294624845 9231.2506820370654168 1027.4743080398720849 -7775.530547566905625 3118.6637571202709296 5684.3410984865067803 10503
139000000 304.66398129478568535 9080.546427707773546 1091.9838163491258456 -7731.4495035500458471 3082.1222237156266601 5741.3110961835445778 10506
140000000 311.24751782738297834 9276.7695220449950284 1142.0056187771469922 -7827.3699510658170766 3222.0674583268091737 5747.3081115161548951 10516
141000000 311.8526786437453211 9294.8064126083427254 768.96459584538615672 -7993.3893982381732712 3110.3592414745398855 5651.9947526090199972 10518
142000000 312.40129898204799019 9311.1581074557943793 791.85788061099276547 -7958.6755680393434886 3048.4209963508560577 5702.112452299479628 10514
143000000 307.57363476105200562 9167.2689975261200743 906.74260944790353278 -7770.9383506939975632 3048.9608093722390549 5628.7201507696627232 10504
144000000 313.24880798612622357 9336.4182147606570652 999.22833998303644876 -7786.9830803735339941 3057.1670091453938767 5729.0444112111763388 10522
145000000 310.47731340357125873 9253.8134870075573417 883.98633473437689645 -7817.7785396879789914 3021.6731471276048069 5680.0917272947499441 10509
146000000 310.7002813277663904 9260.4590726752139744 721.96553278187411706 -7904.5525473404995864 3050.2301778363435005 5576.2879022860288387 10505
147000000 312.8667333451766126 9325.0304343566585885 853.58390649099328584 -7842.4798159513875362 3100.0985971754880666 5595.965125266893665 10501
148000000 310.33291332777884008 9249.5096254653271899 886.03086391206966255 -7924.1632641260375749 3127.1780892034589669 5683.0160388346484979 10507
149000000 309.87184714736883961 9235.7674927732186916 889.52174327081604588 -7853.5182328767987201 3051.9679348136332919 5691.0720413339813604 10516
150000000 312.47476099621121648 9313.3476515805941744 916.06730036742646917 -7966.056846816966754 3236.2443538883153451 5645.879793296077878 10516
151000000 309.39407220770010554 9221.5273535115338746 800.96178426847313858 -8066.9015262601587892 3144.2879595300637448 5723.5753509985679557 10516
152000000 308.85819655258717376 9205.5555154719622806 893.64735820152520773 -7897.5913732585131584 3125.5390704770911725 5665.6996609829475346 10503
153000000 309.32765627166082822 9219.5478185885622224 1021.6132422883393929 -7809.694896947399684 3098.9550168367854894 5732.3531223989539285 10507
154000000 306.95130007087118429 9148.7202375980723446 924.20275859010314434 -7837.7498160300201562 3072.3778621564297282 5689.574712463693686 10515
155000000 314.66613609101307247 9378.6618485667386267 925.95808795897960408 -7828.823680679055542 3124.1749647602532605 5630.6068038777830225 10512
156000000 309.81202124372202888 9233.9843745544658304 1034.2964149820272723 -7744.9667759907661093 3092.7764202793332515 5686.4867706934601301 10517
157000000 310.82614703962877911 9264.2105152821332013 862.67856275302915492 -7878.2399871035631804 3152.2423269277041982 5588.6762229288870003 10512
158000000 312.21489891643659575 9305.602431190032803 919.3426703019758861 -7840.7610609512612427 3132.1563658043555733 5627.9473654488811007 10507
159000000 306.84823503532044242 9145.6483718776344176 975.43988690811147535 -7754.1016061113487012 3155.0456630601552206 5574.4958299593045012 10514
160000000 310.58521446532000709 9257.029491067651179 1062.238016740391231 -7824.4198534234838007 3119.4441979388102482 5767.2136722250643288 10508
161000000 308.05895772018715206 9181.7341064114243636 971.81239369078798518 -7814.5951028771287383 3101.2424753187692659 5685.165021249147685 10507
162000000 310.72876269446970809 9261.3079632187400421 974.21550146385266089 -7868.3286780595608434 3146.2472194359993409 5696.296960087413936 10511
163000000 311.24060054303112111 9276.5633515569588781 790.48869565663335379 -7926.9150680991315312 3077.0065588676598054 5640.3972048881050796 10510
164000000 309.33897086644213914 9219.885051440263851 832.59008282628610687 -7837.5875788594948972 3045.8745547329017427 5624.3031069528788066 10505
165000000 306.25012883374489547 9127.8217449523726827 1073.328114138766523 -7733.3250627414145129 3126.2404793128125675 5680.412697567368923 10520
166000000 306.48608885394020263 9134.8545615963375894 930.4591993857414991 -7824.3786144587957097 3075.1693115443731585 5679.6685023001637092 10514
167000000 308.00727045154019379 9180.1935611829539994 967.43821216459605239 -7895.6285047897963523 3084.322427591459018 5778.7442893629331593 10522
168000000 310.83940123239352715 9264.6055580838801689 792.55671829811569751 -7875.0803581883665174 3035.0628575253322197 5632.5742189611491995 10525
169000000 307.77584420331533011 9173.2958741552156425 879.64302465601508629 -7967.6501335046086751 3091.0582498042103907 5756.2349083564131433 10513
170000000 311.52589681927787524 9285.0666412175905862 917.16319036774712004 -7922.7027754772943808 3164.8257469088621292 5675.0402189361784622 10507
171000000 308.56583155252127426 9196.8415416518455459 841.89858292300789344 -7899.5952072815216525 3067.5441210632084221 5673.9496691413205554 10514
172000000 314.59609582349901302 9376.5742900103668944 929.30196778755998821 -7951.0965390775563719 3089.1249124395199033 5791.2735944255964569 10516
173000000 308.26819691953068059 9187.9705057916871738 977.06780556420665107 -7929.1411296713886259 3135.3992680606543217 5770.8096671749408415 10515
174000000 309.71012985422152042 9230.9474894950290036 919.96890674091332585 -7813.6647156213784911 3124.5919215164299203 5609.0417008458616692 10521
175000000 310.28702908897457746 9248.1420402358835418 912.55120727073062881 -7793.4430578288629476 3136.9206493002698153 5569.0736157993251254 10510
176000000 310.65786089754243449 9259.1947266750885319 885.79267694173904601 -7851.611802068495308 3101.3601594445945011 5636.0443195656407624 10507
177000000 312.41471955560677998 9311.5581092570228066 778.50737233385927993 -7980.500492957968163 3147.9590737344160516 5611.0487915574121871 10514
178000000 310.22875819155308363 9246.4052691637953103 936.58267344691910239 -7931.5079896075603756 3123.0707615913124755 5745.0199014631671162 10526
179000000 311.26981418696806259 9277.4340677110794786 890.72174187435405202 -7861.1265564080786135 3079.7632810785503352 5672.0850172038826713 10516
180000000 310.39742887936137095 9251.4325192021078692 976.68315093553155748 -7873.4061371041198072 3107.233909353006311 5742.8553786866450537 10512
181000000 309.35570193668399952 9220.3837229913624469 911.49259281898878271 -7836.9183953001447662 3053.0286087995855269 5695.3823793195479084 10508
182000000 310.31307491941947774 9248.9183393297189468 895.807413790786768 -7879.7163002739489457 3047.9442159018499297 5727.5794981628860114 10514
183000000 310.91627234082977793 9266.8967106715208502 879.75425368172341223 -7827.8093907274478624 3042.0112853046175587 5665.5523591045539433 10505
184000000 312.25699315848333981 9306.8570551124939811 891.14605746831341548 -7934.1110150000749854 3129.841820373516839 5695.415252094871903 10516
185000000 312.37467881458968577 9310.364690178534147 868.47556046833028631 -7808.9646284044010827 3040.396468727494721 5637.0437201452368754 10512
186000000 312.34607583458119962 9309.5121749358913803 1015.2934335103395824 -7850.8817801900677296 3093.5551635979782077 5772.6200501024286496 10519
187000000 312.12110164797098832 9302.8067923768248875 1023.2773225910100336 -7815.9338989965672226 3072.1316943000620086 5767.0795272875157025 10503
188000000 307.99566827056668217 9179.8477567903737508 1064.4881469034894508 -7766.3562677416121005 3174.9682123307720758 5655.8762023143290207 10510
189000000 309.80091399490351023 9233.6533216740044736 891.15940724961092201 -7760.2633320430522872 3069.5953616741303449 5581.8273776185324095 10508
190000000 305.14227288089773538 9094.8019656785400002 991.73605218132968275 -7805.0109779047234042 3126.2398571399371576 5670.5071729461169525 10512
191000000 307.69858616405417706 9170.9931890480274888 727.98472320330802177 -7890.2982021417856231 3015.4067392310871583 5602.8761861140064866 10520
192000000 312.37891700046952792 9310.491009815950747 952.132546852969881 -7819.014093530032369 3079.6034586938239954 5691.5431816891787093 10513
193000000 313.82961884930864471 9353.7293520550319954 994.03860096296045867 -7839.7023704230559815 3122.5530843255651234 5711.1878870604514304 10512
194000000 315.92155899324393431 9416.0798784292346681 970.4666890148745324 -7850.0925697434240647 3180.3770397913290253 5640.1822189669692307 10508
195000000 312.2464221474418764 9306.5419848631590867 908.8608208308939993 -7817.4843044892550097 3052.4238832599953639 5673.9212420601543272 10511
196000000 305.86126449703448316 9116.2315968535658612 696.23621662194295823 -7989.659050429864692 3083.4583599857196532 5602.4369070660886791 10502
197000000 309.11434765428464289 9213.1901297167678422 695.37035066178555098 -7944.9111181629214116 3023.663807488308521 5616.6176613363995784 10508
198000000 311.81617576855063589 9293.7184400441383332 906.5941545011363587 -7838.473190946710929 3098.5406416649893799 5646.5267037828580214 10521
199000000 310.14554726351462932 9243.9251574940972205 794.74910011176416447 -7985.2651028467789729 3116.5576300656603053 5663.4565728928837416 10503
200000000 310.80774173065088917 9263.6619428451158456 830.48420568976098366 -7855.8625206802962566 3069.4479394883137502 5616.8987868817430353 10496
201000000 312.0882597921992101 9301.8279369347073953 1170.2771411374974377 -7649.6529358823399889 3129.3517516866049846 5690.5783253332319873 10506
202000000 307.86738348932510689 9176.0242135310709273 960.04039988564102259 -7897.966454044186321 3095.7982937285883054 5762.2085602012393792 10514
203000000 313.82992800475636841 9353.7385664701541828 1057.0778084759162994 -7793.9944603780077159 3097.2462369538457096 5753.8260319000783056 10512
204000000 308.62050513010785835 9198.471094175691178 958.98314452516001438 -7773.3441887185517771 3065.4576480353084662 5666.8696852084040074 10512
205000000 308.05917575750862625 9181.7406050398876687 950.52693644142823359 -7857.699193867086251 3091.7504520771999523 5716.4756782313152144 10514
206000000 310.59511579739734088 9257.3246014553060377 1028.5168868352980098 -7828.3766767522083683 3136.6141057547720266 5720.2794578327357158 10515
207000000 307.81411988998712559 9174.4366855776843295 927.61916779731313909 -7805.2551469036061462 3142.9139167156235999 5589.9603979852945486 10514
208000000 312.59581266227075957 9316.9556109761670086 917.27720676867227212 -7991.5739569761863095 3146.9996165793318141 5761.8515471655273359 10515
209000000 311.18572913738182706 9274.9279027440261416 773.46486956122089396 -7980.2985760244391713 3046.0253646119108453 5707.7380809737487652 10506
210000000 304.97536061265810758 9089.8271255459367239 956.37706241592445622 -7873.5906326341901149 3128.926160409690965 5701.0415346404233787 10511
211000000 305.45847273309431102 9104.2263401192030869 895.42396034814271388 -7872.2121212075389849 3092.2413683339118506 5675.3947132217690523 10506
212000000 313.13722043312441201 9333.092334387529263 1078.4049107908092537 -7817.6309093917343489 3207.7420912485586086 5688.2937289339852214 10512
213000000 311.70407051147213906 9290.3771294390408002 1102.0419415564840619 -7708.086256691494782 3072.9188938954357582 5737.2093043525419489 10519
214000000 313.34078614220067038 9339.1596347113172669 981.12442426808843265 -7790.5147314991600069 3104.3990071450948562 5667.240148622153356 10510
215000000 308.26202903973251068 9187.7866713960684137 916.98235270234852123 -7855.7136031388863557 3106.1608588309727566 5666.5350970102617794 10512
216000000 306.96478128342533864 9149.1220467518141959 1091.1546819490051803 -7745.2837907159337192 3157.961325457239127 5678.4771472076990904 10512
217000000 305.73229866990203618 9112.3877549399712734 935.7270718670365568 -7893.3403640270626056 3130.6221345462854515 5698.4453013478141656 10520
218000000 309.04886991424780263 9211.2385578379416984 1138.0830059798954608 -7794.754519044108747 3099.8431378160066743 5832.9943872079966241 10520
219000000 308.39425037315743339 9191.7275440643643378 1009.4392373118051864 -7826.650850476065898 3127.4596798512175155 5708.6304079366536826 10516
220000000 307.38254272275736412 9161.5734764529515815 1011.9168634696040954 -7818.6442117006772605 3057.918785163404209 5772.6422900068773743 10512
221000000 311.89263665950653603 9295.9973660506784654 850.35781319983993853 -7864.5075837954200324 3044.6642858207510471 5670.2011111745086964 10501
222000000 307.4698763354860489 9164.1764652332858532 1042.1048797179778376 -7861.4444201227497615 3137.5470793942022283 5766.0022204465258255 10515
223000000 311.28773969010075007 9277.9683394774510816 858.03838044509984684 -7892.4867900259068847 3075.8302490534551907 5674.6949214175510861 10509
224000000 301.686675099535762 8991.8074602047199733 949.07606367719097307 -7899.8426784843622954 3101.3879563522932585 5747.5307858092601236 10509
225000000 310.10255618892313123 9242.6438033702979737 1010.7016825169048388 -7826.7175969268828339 3119.0457475525345217 5718.3735318912522416 10511
226000000 308.5957910471461787 9197.7344879749907705 852.30234017702082383 -7861.9205470426677493 3065.8027622844638245 5648.4201249352245213 10503
227000000 311.85091164981042766 9294.75374714262216 1035.0143114980712653 -7785.0629871012206422 3181.0922066334524061 5638.9850919658401835 10517
228000000 309.65125801748138201 9229.1928073546205269 895.697536895704161 -7897.6349933215906276 3108.0223755183028516 5685.3101546989928465 10510
229000000 308.58396876198344216 9197.3821233507078432 857.24701956925923696 -7875.8919510029863886 3067.4987239890010642 5665.6402465832434245 10520
230000000 311.9108340102121133 9296.5397402664984838 971.31886143671545142 -7848.0283665722381556 3059.1869721863613449 5760.1602558225913526 10502
231000000 308.49660976807388124 9194.7783780812387704 953.94170194845150945 -7867.8256199808074598 3083.1873325827900771 5738.5799893464691195 10505
232000000 312.01065767380316629 9299.5149965077180241 830.89621512939083914 -7921.8824013166795339 3090.5791553414246664 5662.1994611046466161 10523
233000000 314.52006149949249902 9374.3080778828079929 925.20376537618153634 -7848.2411095178886171 3040.7566715549505716 5732.6882033391193545 10503
234000000 312.42479416770675016 9311.8583842764910514 848.69854263210663703 -7787.1460147946154393 3062.7838753164901391 5573.0606821102319373 10505
235000000 309.02684756791330756 9210.582179169588926 943.97431377045336376 -7851.5861487179936375 3103.8372952920817625 5691.7231671963645567 10516
236000000 308.93682869442898209 9207.8991558710349636 1008.8030349947349578 -7769.7979105503736719 3142.0081395261508987 5636.5928060189580719 10520
237000000 310.59454427582460312 9257.3075671864262404 912.31433573510298629 -7886.4574950737260224 3107.587272130229394 5691.1845586786002968 10505
238000000 309.70682765789416635 9230.8490671382514847 828.64650560700965798 -7902.0058292524709032 3060.614143857257659 5670.0381910022233569 10512
239000000 312.53170456832197033 9315.0448615629284177 1115.8651594605848913 -7736.7592180587844268 3122.2588718576635074 5730.3655056617062655 10511
240000000 308.4926987054076335 9194.6618083903576917 1007.8747639330219954 -7846.6914358221265502 3126.824873226335967 5727.7413265288123512 10512
241000000 314.32899437639866846 9368.6132994101826625 986.62752473338855452 -7752.222445976648487 3031.4875261137485722 5707.3624445962896061 10515
242000000 312.99870267379924371 9328.9637959916581167 1089.056262299645141 -7800.8201174176947461 3145.7049354019745806 5744.1714443153650791 10517
243000000 311.55906732277617266 9286.0552920445334166 904.84580692198278484 -7882.1203432264737785 3066.9778901013005452 5719.9882600471555634 10513
244000000 309.81221938720199205 9233.9902802446031274 1067.7658197685996129 -7795.4509983152083805 3198.3527041843290135 5664.8641138994789799 10517
245000000 303.89141993496451732 9057.5201439104748715 1055.3812202222807173 -7825.5410468289837809 3151.1718833379391072 5729.750383713325391 10511
246000000 315.45958852715727971 9402.3107933942992531 1068.2533260028549194 -7878.6658166710985824 3171.9896719729572396 5774.9294707009967169 10514
247000000 308.88786884106610842 9206.4399015815524763 1037.5055167920277199 -7799.0097010566259996 3075.6835149080734482 5760.8317029405807261 10514
248000000 306.85797436912622516 9145.9386538874150574 982.16533851200756544 -7889.3873491303074843 3118.1064316790507291 5753.4462559632647753 10518
249000000 305.58880109559214588 9108.1107925624473864 992.50107178545931674 -7828.424877247409313 3075.7768820210185368 5745.1490670118510025 10519
250000000 312.63991967815502449 9318.2702258637636987 881.23057559861172194 -7953.0004610375053744 3100.2112567497324562 5734.0197798863846401 10507
251000000 307.69813207778673814 9170.9796549524762668 932.44169747600665232 -7850.1670966051206051 3113.8132931031504995 5668.795500977977099 10524
252000000 310.04041209719730432 9240.7915912783864769 931.0283686513032535 -7810.8966921349365293 3046.7824767714591871 5695.1425840147803683 10511
253000000 312.76701535326003523 9322.0583276723446033 961.58578329799865969 -7877.7592434409916677 3087.849559276448872 5751.4954674625414555 10512
254000000 310.28894401028890115 9248.1991146948530513 982.47771210458790847 -7812.4617461967973213 3044.795555329274066 5750.1439029721104816 10514
255000000 306.45808630325439026 9134.0199422215227969 812.60965385853967291 -7951.5506418764534828 3054.9805969036438 5709.1796988313490147 10517
256000000 310.22667225253792367 9246.3430975017818128 806.8654531065702713 -7929.9321496172087791 3096.3069348897588497 5640.4906678340194048 10528
257000000 314.43949618268436552 9371.9068189724821423 780.02996832914504921 -7855.0508758844371187 3019.8309165071095777 5615.2499277064725902 10519
258000000 312.25478269012302235 9306.7911718384439155 848.60786070006849968 -7954.851185213804456 3057.4431411625914734 5746.0159047512825055 10520
259000000 307.7501759267191801 9172.5308280990338972 918.46720551167129543 -7875.7198476444482367 3159.4983286458000293 5634.6887245103207533 10514
260000000 307.78216284626211063 9173.4842020645228331 984.79189846949827825 -7724.4460078821020943 3066.1842258332244455 5643.053680518375586 10518
261000000 307.37959512271049789 9161.4856228807566367 967.50310537876271155 -7715.1170213559480544 2989.2118226899106048 5693.4083040448003885 10510
262000000 317.02039228015308936 9448.8307360648632311 839.13110962638620549 -7803.4302274395377026 3032.0460420501167391 5610.515295015807169 10508
263000000 310.46536582001698434 9253.4573878497176338 1019.4793350470951054 -7804.2411409764081327 3168.4757548291199782 5655.244721194383601 10506
264000000 311.29375573422720436 9278.1476483926999208 907.56430372758109115 -7910.8940223525360125 3046.16594716124564 5772.292378918871691 10523
265000000 310.25243282562598779 9247.1108944659536064 1078.2326422584442298 -7796.8451584606536926 3107.2540264804110848 5767.8237742386872924 10520
266000000 311.39688105469122092 9281.2213109121948946 719.41128427845626447 -7966.9282315372001904 3060.9972805914962919 5625.3422352241595945 10531
267000000 306.75396471292714295 9142.8386336354906234 837.5267712635298949 -7828.9346993196668336 2987.7460988994707805 5678.7153716837265165 10526
268000000 310.8717875175784684 9265.5708351901303104 916.27233833640980265 -7921.4229282651031099 3085.8686468536161556 5751.8266197478969843 10518
269000000 311.60656976228648318 9287.4711079397020512 755.26698474253680615 -7962.8046808729313852 3088.4665119294509168 5629.6051536860168198 10521
270000000 311.34493942232353447 9279.6731843425841362 852.38773701822697149 -7856.8930385647745425 3056.9165455575530359 5652.3642300254487054 10521
271000000 307.9596290410080428 9178.7736032398461248 954.7880622214511277 -7806.409052698432788 3073.2303006904057838 5687.9668142294776771 10509
272000000 305.57798474233396746 9107.7884098589784116 1166.5532337840688797 -7801.3611155393173249 3121.3155076493248998 5846.5988416740619869 10512
273000000 306.21348538008413698 9126.7295824301618268 1005.3039338344453881 -7839.7363800569928571 3106.8650531846319609 5738.1752607068065117 10515
274000000 311.83067575935592686 9294.1506140055917058 892.77631125494428943 -7851.6530294603971925 3070.2857338434009762 5674.1436068719413015 10512
275000000 313.28188840022841077 9337.4041804623648204 972.47040449675091622 -7760.8862385746069776 3025.6015568249927128 5707.7550862463649537 10511
276000000 309.48636994428375147 9224.2782985975209158 1075.6565186987277229 -7806.9943160922284733 3113.470663315074944 5769.1801714758803428 10502
277000000 309.7319127879776488 9231.5967324428274878 1043.8718017799828885 -7739.3539017816610794 3103.4315975161998722 5679.7941060454450053 10515
278000000 310.49197817344793293 9254.2505722289570258 1079.5424390274151847 -7752.4938378806873516 3128.1910670108500199 5703.8452098972520616 10512
279000000 315.71641363832929983 9409.9654965721656481 1177.0293656569385803 -7708.3247341893111297 3130.8423484515838027 5754.5117513946661347 10518
280000000 312.04554322384603893 9300.5547645021961216 912.01350461802167047 -7834.8499857073420571 3081.9583971813804055 5664.9050931439833221 10511
281000000 310.41540958760850799 9251.9684363635242335 902.14131075132240767 -7914.7586188521245276 3084.0762680122729762 5732.8236615911737317 10503
282000000 308.29247832108978855 9188.6942158713954996 947.09667473648732994 -7802.24245459451231 3106.5603825245857479 5642.7787468064143468 10515
283000000 311.68711334238662403 9289.871718984844847 855.67449106905951339 -7931.0983384191931691 3114.4229461154636738 5672.3498833727890087 10512
284000000 309.67440137608986106 9229.8825979279736202 804.78008310326003993 -7962.3929763442338299 3089.922374948182096 5677.2506844993113191 10515
285000000 311.49388225806683295 9284.1124433888744534 1097.0227875234418207 -7803.9466100981326235 3158.343698940530885 5742.6256986810431044 10513
286000000 310.43332849607571688 9252.50251157510138 900.04964170972095872 -7792.8644179790753697 3086.5244332540642063 5606.3896264347313263 10519
287000000 311.59580430722809297 9287.1502422631692752 982.6106776092308337 -7817.5454589520813897 3145.4622635052492114 5654.6938730560632393 10515
288000000 310.22404992882093211 9246.2649388295321842 940.95620136730485683 -7867.7975582791568741 3105.3343213082416696 5703.4194383382200613 10516
289000000 307.20199888314368764 9156.1923457039829373 1090.3256467344222074 -7723.6352187473539743 3142.5142875257624837 5671.4465779560141527 10507
290000000 314.27323325990658986 9366.9513326590895304 883.82440003707120013 -7887.3003433406320255 3094.3849620055270861 5676.7397813721754574 10523
291000000 310.14634230422734618 9243.9488537776978774 921.13762080402057109 -7888.9171969127219199 3086.7741356575361351 5723.2806820592068107 10509
292000000 309.71929447508506428 9231.2206421167793451 864.87954413266879783 -7924.3184056238251287 3067.5772652364967144 5721.6206845199976669 10507
293000000 312.00891291709825737 9299.4629938253001455 760.31840348630180415 -7912.7472561901795416 3086.2089090007066261 5586.8567506757754018 10512
294000000 310.534296057980157 9255.5118618424658052 948.11226739000142061 -7889.0821706060905854 3122.586224755911644 5714.608213240180703 10515
295000000 303.68705376994142853 9051.4289859013842943 998.56774972430753223 -7806.8453572881689979 3110.9786974775511226 5694.4344095349251802 10515
296000000 313.07498015702168459 9331.2372555087513319 994.1661997502842496 -7712.1723887245134392 3041.8348379820017726 5664.5037504927959162 10504
297000000 308.30769114338812642 9189.1476358608197188 978.98983935234764431 -7821.0557473515009406 3152.7485120722558349 5647.2970746315922952 10504
298000000 305.54599920213439646 9106.8350770049819403 934.01447111290508474 -7887.940038529442063 3128.2022831868121102 5693.7522264555336733 10514
299000000 310.47381464790481687 9253.7092061761541117 872.71622283835495182 -7914.9854646410258283 3119.0388139702413355 5668.6628735091398994 10521
300000000 310.3402953602510479 9249.7296478267162456 891.40101714472052663 -7880.7396981671899994 3146.8807504323440298 5625.259964879567633 10517
301000000 310.28753243283051688 9248.1570424597557576 923.11693267461760115 -7870.2148601818189491 3092.6797398137905475 5700.6520530426460027 10521
302000000 307.40276208273951397 9162.1761168972734595 855.3585560269987127 -7911.4228322054668752 3077.2544477693863882 5689.5269404630798817 10516
303000000 312.39398133158067594 9310.9400040077671292 1022.1140453702646482 -7864.0407817853138113 3105.756247949572753 5780.398579206006616 10515
304000000 307.8579810463916715 9175.7439725940621429 1009.5488508526032092 -7913.6855743864016404 3194.7887981704143385 5728.445627068590511 10524
305000000 307.40486377273077778 9162.2387580190152221 920.47392339080897727 -7863.1899584725924797 3113.7272790789893406 5669.9366027844116616 10511
306000000 308.81280274474721637 9204.2025475961090706 1076.3601446770637722 -7721.367660220425023 3052.5903337719155388 5745.1374711255721195 10513
307000000 308.93268589526064716 9207.7756792459713324 894.38079110020419193 -7982.7712097185285529 3110.7240870629830169 5766.4279137557496142 10514
308000000 311.21335041908531593 9275.7511583511877689 916.86318289742234811 -7866.5184779402425193 3063.3768505155867388 5720.0048103220779012 10513
309000000 315.46854913474072646 9402.5778653758188739 921.48053194591057036 -7882.4136967866106716 3137.6625582808546824 5666.2316704516670143 10513
310000000 312.30999801312975706 9308.4368711493789306 998.05470188416848032 -7691.9104093064706831 3017.6911514111111501 5672.2739597795280133 10511
311000000 305.71455651048097479 9111.8589477548666764 1055.6259467434706494 -7758.2995977426307945 3066.9577807501223106 5746.9677637359791333 10503
312000000 308.07963489406159852 9182.3503920536022633 946.9446576026900857 -7961.1172238672743333 3140.3975584953850557 5767.6643229745786812 10516
313000000 307.21871188693637578 9156.6904787824023515 812.83505999953672472 -8099.813603759444959 3071.8135336590730731 5840.8351300999092928 10514
314000000 308.62711161673200877 9198.6680013002551277 967.74714656977539562 -7867.1594340227893554 3113.9591116255378438 5720.9474689670269072 10530
315000000 308.64959256974094615 9199.3380487954309501 893.14993382392651711 -7936.7330894928836642 3133.3904628497084559 5696.4925604671025212 10511
316000000 307.14940131761426301 9154.6246689679792325 961.48257873147645114 -7838.573914922601034 3079.3691519934127427 5720.6873416606649698 10518
317000000 306.80072478602386354 9144.2323232108501543 964.85323439868761852 -7835.148171257616923 3159.5793856902860171 5640.4220199660185244 10507
318000000 307.96252159502108725 9178.8598161584141053 1041.3325684749083848 -7934.1895892352322335 3218.546188354741389 5756.9759693553987745 10523
319000000 313.3638103521816447 9339.8458740455662337 1000.6412780111327265 -7841.363091847513715 3138.9797241651012882 5703.0246456935446986 10503
320000000 307.87957507099190479 9176.3875850818585604 953.57449020282706442 -7879.1198407676138231 3118.7826072132966146 5713.9117237571445003 10505
321000000 306.01071908634963847 9120.6861087763172691 848.72968079451300127 -7966.9427313946343929 3075.4658332577550937 5740.2065789313919595 10506
322000000 304.91675973995972981 9088.0805195212269609 1098.693747265976981 -7768.2831983742426019 3093.2171164039609721 5773.7598292362590655 10509
323000000 311.19186386040593106 9275.1107488980233029 998.91831887166961224 -7758.6350322572761797 3082.3705149709621764 5675.1828361579837292 10517
324000000 312.7984560650066328 9322.9954218490875064 1057.1508018878525945 -7765.7192206991558123 3097.9097477609684574 5724.9602748260404042 10515
325000000 313.48193231783540114 9343.3665133698887075 1031.8394878023714227 -7811.324822362874329 3117.1188995291445281 5726.0454106361003142 10518
326000000 311.50738560089513385 9284.5149121380854922 944.83358030379827142 -7916.1304363767249015 3089.2921462837875879 5771.6718703967362671 10515
327000000 306.76412393118886257 9143.1414303517376538 916.18241178458038121 -7893.7284616979832208 3097.87973849228365 5712.0311349902804068 10514
328000000 312.97532899746119028 9328.2671407708094193 1126.8856841257111228 -7806.5907244300942693 3158.4036364864778079 5775.0727720693284937 10515
329000000 311.0618754313894101 9271.2364282128783088 962.72032539568556331 -7871.8497369716251342 3080.3363740129316284 5754.2336883543794102 10516
330000000 313.19690457652706073 9334.8712274252375209 910.39086151754895582 -7916.1149600097196526 3094.2598242986837249 5732.2459972285851109 10516
331000000 310.4693480740297673 9253.5760794072029967 844.44981921511362088 -7836.5195276412086969 3023.052645982316335 5657.9167008740078018 10514
332000000 312.27535057368294247 9307.4042000697154435 847.75619330397307749 -8050.3464811772646499 3109.0041604426101003 5789.0985140386273997 10512
333000000 312.28661680115965282 9307.7399913281133195 964.27663149001932652 -7813.4816616635234823 3056.8984845181375931 5720.8598086354068073 10515
334000000 308.50938738939811401 9195.1592166141617781 804.03558368293056446 -7894.9708256607254953 3043.862946138992811 5655.1434632046639308 10519
335000000 310.41209239194660086 9251.8695669497847121 872.80712371545655515 -7884.6992554540820493 3134.6769286895314508 5622.8294504800069262 10508
336000000 311.57376064653033154 9286.4932283176694909 902.2215526785023485 -7824.1989643850592984 3076.827440514533464 5649.5930765490284102 10524
337000000 307.02116834559097924 9150.8026698886260419 681.99386929981756111 -7981.6582112329297161 3072.4727675520180128 5591.1793129807292644 10523
338000000 309.92239636064789465 9237.2741181252331444 813.47664354232381356 -7872.3704624315614637 3066.5053350618509285 5619.3417709120349173 10530
339000000 308.3425819065243445 9190.1875592321684962 802.72083565432399155 -7938.0286622212579459 3018.1402534487119738 5722.6092444268706458 10521
340000000 310.34025062279300755 9249.7283144214252388 725.27324683907363578 -7982.4591046600407935 3020.9015718335058409 5686.8307796656081337 10513
341000000 309.81277985752819859 9234.0069851297575951 709.93735200596120194 -8003.8192204460792709 3000.6519393449343625 5713.1046331071065651 10513
342000000 307.95153785345956976 9178.5324444265297643 952.61979144965380328 -7840.6157237448860542 3177.0841543110545899 5616.1513608834866318 10510
343000000 307.76339395878005689 9172.9247931266727392 806.74812466971002323 -7960.6089490046651918 3081.3798732809859757 5685.9772003933903761 10508
344000000 307.75242190799741593 9172.5977698398528446 851.50804771131890902 -7819.0349285620941373 3075.6586110538510184 5594.8843652195628238 10512
345000000 305.645588427705718 9109.8033457929650467 840.7633781356767031 -7914.8632409593374177 3092.7551229487862656 5662.8714961462274005 10516
346000000 309.68589425644779567 9230.2251446026257327 1019.1611712312679856 -7824.6948426924427622 3128.2065427002180513 5715.6494712234925828 10518
347000000 306.48701103148573566 9134.882047208457152 864.10385466304137481 -7905.2334675216216056 3079.2048185119783739 5690.1325036726839244 10518
348000000 309.86516464869714582 9235.5683201004812872 947.60732136947217441 -7809.2421417560817645 3059.753764878727452 5697.0956982468269416 10516
349000000 306.50834295190992407 9135.5178476499168028 919.80533669855981316 -7908.3262323518392805 3124.2377476273204593 5703.893821423078407 10516
350000000 308.25438286005714872 9187.5587760956750571 785.34855213304547306 -7984.938974065241382 3049.8864525371582204 5720.4010736611289758 10518
351000000 311.89536761414802868 9296.0787624806362146 877.83121715300990218 -7929.3142163801203424 3142.0287820708467734 5665.1166514622836985 10522
352000000 307.76687414978948709 9173.0285206362532335 694.0372529937399122 -8052.4383568392113375 3070.2969681850254347 5676.1786416479262698 10513
353000000 312.27930910426948685 9307.5221845476444287 772.768801916743314 -7929.5443586927322031 3053.3436753045289151 5648.9694853049477388 10506
354000000 312.09866055672904395 9302.1379329663850513 769.53502218803396318 -7984.0173580092314296 3080.9444250307242328 5672.6079551665407052 10514
355000000 309.96935850637390786 9238.6738304994942155 1008.7225336745029836 -7814.9166931229592592 3159.6067599072480334 5664.032466890213982 10515
356000000 310.24505174247786954 9246.8909003992830549 1029.1682677461692492 -7840.2634619632626709 3153.7377242965044388 5715.6940054129281634 10515
357000000 307.46542586784386231 9164.0438185125349264 850.29178063924609887 -7906.456799459980175 3048.1393783687726682 5708.6092017304545152 10519
358000000 309.29218075726959114 9218.4904666360689589 868.11552842262153717 -7926.274083511389108 3110.0653736325712089 5684.3242383014385268 10503
359000000 308.73226358903053779 9201.8020684202474513 914.96944676400300978 -7834.766279345492876 3016.1242511894597556 5733.6114749200369261 10510
360000000 308.14491547010084105 9184.2960874358795991 833.30123075017650081 -7888.6497923802417063 3060.3977828662759748 5661.5532402641429144 10516
361000000 311.16457078883803433 9274.2972756332364952 818.61834193636445889 -7866.4966455768826563 3063.8824519474474073 5621.2325355657994805 10511
362000000 308.90259376578154615 9206.8787797251206939 862.21720842425247611 -7903.8720597944065958 3097.6075888798886808 5668.4816793387708458 10522
363000000 304.92491381704809328 9088.3235527648066636 1000.9481407900798331 -7882.9266943642951446 3129.6770660433708144 5754.1977691110041633 10510
364000000 305.95608001878088089 9119.0575848276821489 1001.0778362986800403 -7735.8149995806570587 3027.3953921599272689 5709.4974437194105121 10517
365000000 310.91153437620477007 9266.7554950687863311 890.53687771661748229 -7842.6454999458737802 3114.1451017670906367 5619.0372758954017627 10516
366000000 318.9799519990364729 9507.2356480257876683 911.39334497009951974 -7834.9120619486138821 3071.8335276712632549 5674.471879247450488 10519
367000000 308.40131899399426629 9191.9382251544484461 917.95576387542462271 -7928.6969434591528625 3140.8166501442310619 5705.8360571903458549 10510
368000000 304.42421856794493351 9073.4002709370961384 1024.3912336550813507 -7794.6290242250752272 3055.3849079515903213 5763.6353499285660291 10510
369000000 312.82812250031543044 9323.8796335042407009 1017.615588212423404 -7748.3762335360024736 3062.7647623488901445 5703.2270593995344825 10520
370000000 306.82031868494021865 9144.8163217132441787 934.09503885531080414 -7839.2084269108399894 3066.0955404319724948 5707.2079253341780714 10522
371000000 311.19607546173506307 9275.2362761797248822 1134.9096381057975123 -7708.4297228089162672 3154.2268661694047296 5689.1124947453081404 10526
372000000 303.74097596383199971 9053.0361433442376438 889.4111659227430664 -7885.7181025377703918 3124.2435883744601597 5650.8856800860539806 10527
373000000 310.73818037222952171 9261.5886582315724809 956.68913285671919766 -7852.2403195235347084 3143.9657623003936351 5664.9636900798614079 10513
374000000 309.81237135005500249 9233.9948095156250929 930.14700505815426368 -7937.0608345299451685 3110.2043122288268933 5757.0035273592729936 10518
375000000 309.4395041505882773 9222.8814580070629745 956.95985003304122074 -7837.8144069759546255 3085.0566386898876772 5709.7176183191077143 10518
376000000 306.25513634818349828 9127.970994519564556 1119.9490530750699691 -7748.436911621969557 3113.0609009283975865 5755.3250637686414848 10510
377000000 307.86757009306307964 9176.0297752778151334 870.25790890631981256 -7876.4868999420505133 3091.2299989137509328 5655.5148099346188246 10516
378000000 308.16141581245142334 9184.7878821145641268 908.34752438015607368 -7938.308234011341483 3114.1944924846379763 5732.4612659068588982 10512
379000000 303.8462365680211974 9056.1734482507326902 1048.5282192942652273 -7800.1650648429749708 3165.2340139312345855 5683.4592702060053853 10506
380000000 310.61006047844364275 9257.7700294626192772 823.60310390661925339 -7890.4287182549041972 3043.8247810280317935 5670.2070411334916571 10508
381000000 315.39381055519731945 9400.3502730670716119 935.50245679713941627 -7849.5383308859090903 3117.9602142881849431 5667.0805733948636771 10528
382000000 310.30854446519919065 9248.7833085994334397 885.24448722098804865 -8056.913306853703034 3150.3637442473809642 5791.7940498273110279 10513
383000000 311.09310231254858081 9272.1671491433698975 846.13772663918780381 -7879.127339879021747 3077.6277894540153284 5647.6372770641937677 10527
384000000 309.42393867074201808 9222.4175270172127057 923.87924067614619617 -7880.2574697036552607 3122.450167222197706 5681.6865431576043193 10511
385000000 306.22860122699592011 9127.1801120565814927 1009.9439359705461356 -7812.5192742376484603 3073.625805381142527 5748.8374048270525236 10501
386000000 310.98905351211186598 9269.0659621927588887 1002.9776105992514204 -7834.2395064424408702 3098.8670000711049397 5738.3501169705878056 10510
387000000 311.56197271710328778 9286.1418876701991394 975.90486721292870698 -7795.7062210025733293 3074.7452765279504092 5696.865811687551286 10517
388000000 314.98833993267970754 9388.2651726321746537 949.59556931263659862 -7743.0471371052772156 3071.8526139835907998 5620.7900924343211955 10512
389000000 313.0844849031802255 9331.5205456056301045 859.10139789013737754 -7909.7774279303484946 3078.2654187137559347 5690.6134071067299374 10520
390000000 312.58838336471006869 9316.7341798731577001 845.33678600142047799 -7878.0392813762437072 3043.1299966961150858 5680.2460706815490994 10515
391000000 312.35427383401963652 9309.7565172903723578 964.6711305282375406 -7717.542395681824928 3084.9435881016088388 5597.2699381084539709 10513
392000000 307.66348533935200749 9169.947004766563623 1077.1167303570548484 -7811.1656012684852612 3122.0268272676376 5766.2555043579031917 10499
393000000 307.11188221351284255 9153.5064075795762619 879.55463411366065429 -7873.0346918382192598 3102.5511549540124179 5650.0381709978673825 10516
394000000 309.47582911258484728 9223.9641278471026453 956.66486750772719461 -7835.3155150769016473 3092.322905214153252 5699.6574773704760446 10519
395000000 313.1120857670180726 9332.3431926558623672 839.73707331698005873 -7874.5673583762054477 3055.8920513333714553 5658.4123803598140512 10507
396000000 307.90105855990708505 9177.0279030403344223 926.65596607719885469 -7835.4085148316662526 3105.6244150915981663 5656.4400658172671683 10506
397000000 310.89498870126118391 9266.262349246740996 818.63562837765300628 -7970.8068194375064195 3099.9767161570230201 5689.4657316581360647 10515
398000000 308.41101921283853926 9192.2273413381208229 893.20955887129662187 -7772.7702152434794698 3032.1046196467113987 5633.8751544680653751 10516
399000000 307.22211683685816297 9156.7919637223603786 824.10854120540545864 -7857.7314210316289973 3018.0748376280689627 5663.7651246089653796 10518
400000000 312.03638826651223326 9300.281899903106023 850.81625383527398299 -7881.082641345961747 3075.958551991880995 5655.9403431893551897 10515
401000000 308.93015680462923456 9207.7002993969945237 886.16965845020399684 -7929.028650876989559 3071.9346008400248138 5743.2637084871685147 10508
402000000 310.088114146097098 9242.2133565553012886 934.8037707040676878 -7794.7058861513032753 3039.2119090104811221 5690.297747844890182 10504
403000000 308.00562134915668366 9180.1444094890339329 961.72650637038395871 -7842.9141751422275775 3167.996830514406156 5636.6438509982053802 10516
404000000 310.80056004391337865 9263.4478918123295443 944.58381324222500552 -7950.2097643119532222 3119.9197364439432931 5774.8738411102349346 10530
405000000 310.04079427543814518 9240.8029821465970599 945.73645311663995017 -7771.4050500570301665 3044.858110854350798 5672.2833923193193186 10518
406000000 309.44969622306251722 9223.185233947046072 894.82719579010699817 -7917.7594581362964163 3150.8405709375547303 5661.7460829888477747 10513
407000000 308.89732555163067218 9206.7217599718023848 998.76513613000406622 -7794.2474624327778656 3047.2979367834941513 5745.7146617792877805 10517
408000000 311.86069988548024412 9295.0454866783147736 1067.3020441067949378 -7808.6742302440970889 3154.4421242673729466 5721.5341500835183979 10517
409000000 307.27490763550599695 9158.3653997945857554 1018.6688119603153382 -7799.6141076650710602 3108.9000097120897408 5709.3829099132963165 10514
410000000 308.42830680761699114 9192.7426001696439926 879.49341877461165495 -7844.5164615344910999 3049.636091239290181 5674.3737890698121191 10523
411000000 312.97901635505189688 9328.3770429051401152 826.15302048289390768 -7861.5919730236091709 3052.2417671895173044 5635.5032263169860016 10521
412000000 312.83705456315146876 9324.1458547061465651 903.15301365674599765 -7928.6243603402599547 3131.878038872732759 5699.8993351242734207 10513
413000000 309.53868462246572335 9225.8375438422754087 875.31630836960584929 -7967.9575452918161318 3143.6724493430674556 5699.6014043183549802 10516
414000000 311.23039853817198264 9276.2592795810542157 1040.4311542024665869 -7684.6771865337486815 3042.4733098766373587 5682.635030859577455 10518
415000000 307.21325231878103068 9156.5277557000772504 1008.9863979876672602 -7816.2366452126179865 3131.5201166836100128 5693.7029265166747791 10516
416000000 308.85190661871973816 9205.3680432402015867 1017.7592828136453136 -7816.2147312616561976 3092.5506409739782612 5741.4233731013237048 10517
417000000 309.33131894480749224 9219.6569850000851147 861.97428932766320031 -7930.7982093062055355 3123.7642688835157969 5669.0082297503531663 10526
418000000 311.51271067454223385 9284.6736265954950795 936.04160430660658676 -7906.9474778020849044 3128.4393342150383432 5714.5497478936522384 10516
419000000 308.82535905133767073 9204.5767898169015098 965.49213157734857305 -7766.5330185884631646 3123.3895032532236655 5608.6356469125885269 10514
420000000 311.56974767757679956 9286.3736212976964453 769.25515299801509173 -7954.999843771707674 3092.3465267023711931 5631.9084700673520274 10509
421000000 309.6763499328241096 9229.9406748946621519 696.26022958524754358 -7959.459519036599886 3054.1223953088974667 5601.5973533129490534 10515
422000000 310.29632918650355577 9248.4192307558623725 816.48898292208514249 -7860.0945984456429869 3048.4719574824998745 5628.1116238852291644 10516
423000000 316.35124315525911243 9428.8866663069729839 770.01149889017892747 -7994.0959570469840401 3053.4398416854960487 5710.6676142516662367 10514
424000000 304.54073029338184142 9076.8729168590271001 692.27475907998109506 -8081.2923121754156455 3083.9061663366410357 5689.6609049187554774 10506
425000000 308.88950067184930504 9206.4885384933586465 1026.2627090991227305 -7847.6073506852662831 3155.8550223480260684 5718.0150374363638548 10512
426000000 309.50490185159634393 9224.8306443130550178 975.17595677833401169 -7917.0512794862679584 3178.6766014338072637 5713.5506348307953886 10511
427000000 312.12308294727807834 9302.8658452398140071 962.4290826163166912 -7885.4380045039761171 3079.6673877828288823 5768.1996993374632439 10508
428000000 312.59681712575036272 9316.9855491304006136 1101.4352332111102442 -7720.6576318585393892 3148.3736349641139896 5673.7192301055347343 10507
429000000 309.24813136737890318 9217.1775692981082102 1034.5529762061473775 -7855.5443600607904955 3124.9538230834186834 5765.1435131835187349 10512
430000000 310.53151382754418819 9255.4289371313170705 888.13094303602451873 -7891.5751661770791543 3060.6336981267963893 5719.0724110863066016 10523
431000000 311.88063580629398075 9295.6396791842962557 855.71515699319502346 -7996.6611782653881164 3086.1119600905872176 5766.2643751679970592 10513
432000000 311.84669524263460971 9294.6280766220843361 696.0373580414504886 -8010.6339632147646626 3033.9191340940169539 5672.7521871621984246 10512
433000000 313.49510863088386259 9343.7592349573696993 806.0916471852470977 -8000.1548879678521189 3110.2877221839544291 5695.9588129691437643 10513
434000000 310.65687071770435068 9259.1652142465009092 725.42967221618823714 -7968.6674034583011235 3066.2980394955384327 5627.7990361789516101 10518
435000000 304.84737869117293485 9086.0126090579215088 859.86005174091906156 -8013.0930236587237232 3108.9715049816459214 5763.9815704179964087 10522
436000000 313.27691289787219375 9337.2558850191198871 994.2292632760820652 -7865.4052897733263308 3146.1401093793551809 5713.4944436700534425 10516
437000000 309.55560516645033431 9226.3418626809561829 1001.320447985775445 -7728.2988163137142692 3035.5361211211943555 5694.0831431782953587 10506
438000000 308.79237705801944003 9203.5937575584393926 887.37460232432704288 -7862.4390758140234539 3120.510306098581168 5629.3033720397688739 10519
439000000 309.03488116704721733 9210.8216215533157083 1143.4132081593688781 -7801.4508066871167102 3139.1115850774485807 5805.7524297690379171 10508
440000000 313.47786449433647249 9343.2452714036244288 1036.6037676013841065 -7714.2039524536148747 3111.1887491071229306 5639.6189709478767327 10501
441000000 309.79550180978026219 9233.4920108486221579 1122.5870001552436861 -7777.9840804881059739 3173.3826999079951747 5727.1883807353542579 10514
442000000 309.61822192124640196 9228.2081625522496324 1067.5407845719751094 -7860.309285676723448 3139.4914834663213696 5788.358586782376733 10521
443000000 309.07133448426804989 9211.9081170361787372 871.26049399135979456 -7806.3901293814969904 3082.2663551286514121 5595.3842682442045771 10518
444000000 309.58410532703231866 9227.1913133782854857 1057.4529418579536468 -7788.1659390639542835 3120.5249387386197668 5725.0939421832881635 10512
445000000 310.01815995034172602 9240.1283633779985394 999.04515893314942332 -7754.1348678514923449 3125.0704072491221268 5628.1096195355194141 10517
446000000 312.17071518268147656 9304.2855297171117854 799.10938920792330009 -7959.3945899999080211 3105.840768396704334 5652.6632108111261914 10521
447000000 312.9551646418171913 9327.6661397373682121 923.08485002884776804 -7886.4761022645761841 3034.0801574689185145 5775.4807948245052103 10514
448000000 311.55320599607347276 9285.8805945006170077 1081.3864224648812069 -7806.4735394717836243 3172.5027219431103731 5715.357239993553776 10518
449000000 312.31052813819979974 9308.4526715905412857 826.56730870021851842 -7898.4502378504967055 3042.1216684767987317 5682.8958780739158101 10513
450000000 308.48510492461826971 9194.4354748450314219 1192.1243931191195315 -7657.8377642359755555 3083.2667528988713457 5766.6954044562244235 10509
451000000 312.09018397863650307 9301.8852875417760515 1018.5335779760030164 -7816.0126876448348412 3079.5466307166893785 5754.9996349041484791 10519
452000000 311.53366258396374633 9285.2981007635371498 890.81420500764329518 -7811.4402190720056751 3032.61625808190729 5669.6381659977414529 10507
453000000 308.72943278610159723 9201.7176960001306725 1089.3142524067829982 -7730.0360304000842007 3121.9661238011417481 5697.3841590057245412 10505
454000000 308.84957524875761692 9205.298556479438048 989.04466206635936487 -7799.2438285898888353 3091.5268390348678622 5696.7616516213802242 10514
455000000 305.21064939913725311 9096.8399359886516322 826.12824947182912183 -7903.6318063081507717 3075.2635748892616903 5654.4964808907188853 10521
456000000 308.39114414809529308 9191.6349626546034415 1057.1390336109598138 -7784.5001765994884408 3107.9881654868904661 5733.6510447235577885 10506
457000000 309.74712997367657863 9232.0502824839295499 1003.239885781587418 -7706.759558238376485 3025.1906443798379769 5684.8087996401263808 10522
458000000 314.79310656865038709 9382.4462188498091564 1030.2109792381411353 -7758.7276322964498831 3078.2896515431411899 5710.6489599914493738 10512
459000000 309.76466680953097921 9232.5729699755520414 1003.6740246427078773 -7728.335321146689239 3035.8008921781624849 5696.2084536112351998 10512
460000000 305.0064187123509214 9090.7528159246230643 1048.2473578910619381 -7772.6851451676684519 3104.3763419066676761 5716.5561611520624865 10512
461000000 312.61690146107588362 9317.5841651486716728 982.98569738774619964 -7766.7942387701059488 3107.0554815052810227 5642.7244546525716942 10510
462000000 308.86747379141007741 9205.8320246854709694 996.26182200374273634 -7763.555495936706393 3057.1638755683270574 5702.6534423721222993 10513
463000000 307.59485877027088918 9167.9015816611899936 868.14036130734893959 -7899.6020735968950248 3078.5992534187353158 5689.1431814855086486 10528
464000000 313.67945111190545049 9349.2535846681603289 862.66559217542078386 -7952.1664143811340182 3116.0409893097694294 5698.7910172467854863 10525
465000000 308.15169588601105488 9184.4981785436320934 840.21193651381031486 -7869.9380795399765702 3023.4399790015186227 5686.7100370522684898 10517
466000000 308.45874696772273182 9193.6498727849775605 895.87423284851433891 -7996.2422605266710889 3107.5451389613513129 5784.5713544138352518 10526
467000000 308.0130277545281956 9180.3651582876027533 930.75518231254636703 -7935.3661615129694837 3161.7717321345971868 5704.3496116909191187 10513
468000000 307.65628666178446338 9169.7324473200533248 876.75224547787979645 -7884.2533588856804272 3073.6764674460978313 5687.329136917462165 10506
469000000 312.39004289228586231 9310.8226183531933202 897.61046477310560476 -8006.3115599764296348 3128.3716610370674971 5775.5503637124684246 10512
470000000 309.35562194275331649 9220.3813387626851181 871.84992567009362574 -7875.3993793651588931 3095.3839038468950093 5651.8654011883572821 10516
471000000 309.57825016076020574 9227.0167994467392418 1021.6712654196857102 -7778.1888469669938786 3058.5532433102403047 5741.3068690764393978 10517
472000000 309.17477909003946479 9214.991295892476046 934.22506351032211569 -7768.0783963696376304 3047.2771740263633546 5655.0262858535970736 10500
473000000 309.54957006824889731 9226.1619858567210031 699.77162578007437332 -7856.6038778444417403 3033.4804429300402262 5522.8950606944763422 10511
474000000 309.81375321057248584 9234.0359960337427765 834.07959967721308203 -7942.7232423848990948 3152.4643146079297367 5624.3385274541833496 10516
475000000 311.36731277793467143 9280.3400248844391172 916.11734883363578774 -7935.3603859557206306 3129.4306014790190602 5722.0471333103378129 10517
476000000 309.54007242697161928 9225.8789075216791389 954.25011353968739058 -7906.4526089021637745 3134.8824056023049707 5725.8203168395466491 10510
477000000 310.79611830147445062 9263.3155051473040658 873.40433911841205372 -7937.9498105373668295 3146.8360855883556724 5664.5180640674234382 10497
478000000 308.66263759233282826 9199.7268572551402031 1099.1563506047930332 -7782.9506532834784593 3135.0325197801930699 5747.07448410807865 10511
479000000 310.75456488864188032 9262.0770007043047372 1044.2758884648169442 -7750.2756943168942598 3150.6507643908453247 5643.9008183908663341 10502
480000000 310.27041995979192279 9247.6470031526496314 1108.4653820187563724 -7755.7624983313744451 3092.554377571551413 5771.6735027785798593 10516
481000000 310.55819437481034129 9256.2241540359773353 893.91883267108596556 -7878.5261173082089954 3044.7325892971057328 5727.7123606821887734 10514
482000000 309.2574270100085414 9217.4546270392802398 881.94526866650573993 -7897.7174168651363289 3061.5715417192045606 5718.0911438124376218 10533
483000000 314.52593040791629164 9374.4830014008275612 824.43554544763810554 -7890.4712905649130334 3089.4475667967776644 5625.4592692157730198 10528
484000000 314.16410748652145912 9363.6988259220888722 1014.7435128598649499 -7845.3648239966096298 3096.1180905329520101 5763.9902463235230243 10518
485000000 311.9285884054176563 9297.0689121406212507 943.66340490647121442 -7904.5526998978220945 3158.4121713891372565 5689.8039334151562798 10524
486000000 309.72166105929846935 9231.2911784425159567 1029.3072730454148314 -7824.6247891760722268 3109.6261474423795335 5744.3059147791063879 10508
487000000 312.47441173691515814 9313.3372418654726062 924.45069223211351073 -7915.4565859722297319 3121.9098350290573762 5717.9974431752862074 10515
488000000 314.61105489427137627 9377.0201469051880849 1084.3364616903368187 -7830.9436670623636019 3132.7476820824608694 5782.5324466702404607 10515
489000000 311.5191760897283757 9284.8663290689637506 943.90040580176253115 -7872.2349202773002617 3076.8732044192020112 5739.2621216598618048 10508
490000000 311.19157901894692486 9275.1022591642449697 962.0491190151955152 -7871.1814536294723439 3114.1879433232174961 5719.0426293214495672 10518
491000000 305.50125520881880448 9105.50147692880455 1028.2228474394078148 -7834.2273994663955818 3098.9407322447941624 5763.5095146610092343 10509
492000000 306.97364232819103336 9149.3861512516341463 1281.0420464064454791 -7633.0342187124588236 3187.1312489742558682 5726.9450161446493439 10507
493000000 309.00198973746375941 9209.8412885578072746 1065.4833216035488022 -7846.2800503579137512 3168.0237637599693699 5743.7396082014929561 10512
494000000 312.78406515575375124 9322.5664990763580136 909.28252270710390803 -7776.1361399624920523 3056.6433920585759552 5628.7752706110204599 10513
495000000 306.16499165827565321 9125.2842212474479311 927.6806833984669538 -7823.0783948149810385 3064.2426320980202945 5686.5164461154272431 10514
496000000 314.4602862416720086 9372.5264691689699248 997.81901269164904988 -7752.0063253947500925 3091.2257545759880486 5658.5995835104113212 10508
497000000 308.45478555418435462 9193.5318023803247343 909.49750508387819536 -7880.7146336723362765 3116.9961957554955916 5673.2159430007195624 10511
498000000 308.56258017113708547 9196.7446338405316055 997.50139450673441388 -7882.1332629418275246 3227.438057547603421 5652.1965999009571533 10518
499000000 307.99208608315854008 9179.7409892659234174 853.33810378125804164 -7970.211567692560493 3137.1342921381510678 5686.4153793356672395 10520
500000000 312.44530281705942798 9312.469647025127415 809.15729188138220707 -7918.9104119133835411 3046.4805277800214753 5681.5871760147447276 10520
501000000 310.04516974358938342 9240.9333934985443193 770.04328550923105468 -7969.9310254759566305 3103.4949998724314355 5636.4793111127555676 10510
502000000 308.30490051970554077 9189.0644609879509517 821.26334752406012285 -7896.0958098409264494 3089.4929989576457956 5627.866158407340663 10512
503000000 309.00454048343584645 9209.9173138468049729 849.24449700046739054 -7803.5397011028298948 3041.9577832143340856 5610.8264148889629723 10520
504000000 312.59797597780703882 9317.0200888546532951 1028.6283056778520404 -7745.5911796820673771 3078.5523587953275637 5695.6671265645927633 10508
505000000 309.20028045931860561 9215.7513672560980922 880.6011905511685427 -7807.4858884597597353 3039.7907007889325541 5648.2963782219958375 10517
506000000 312.30932424713751061 9308.4167894733363937 983.24982680471248386 -7761.1155549017057638 3071.7128872267912811 5672.6524944796265117 10516
507000000 312.18283997337306346 9304.6469105548912921 925.64351214465966677 -7784.5305901173996972 3033.4435234944944568 5676.7305787675641113 10511
508000000 312.87704623866449083 9325.3378113814142125 1001.1998273180729484 -7736.4701074711883848 3086.3729972924934373 5651.2969374967688054 10511
509000000 308.6222450949181848 9198.5229540351192554 910.75033461716100192 -7808.3884543909953209 3079.0967104728747472 5640.0420785352816893 10512
510000000 312.18862388615531245 9304.8193007676418347 891.86671531712318028 -7837.9250161811514772 3123.3855952300891659 5606.4061362681850369 10524
511000000 310.26846931858688095 9247.5888640580596984 660.13393632598649674 -8088.4168971635735943 3019.5938172937217132 5728.9570161958381505 10525
512000000 311.05399317667649939 9271.0014966677335906 962.82229179508817651 -7862.6167489483141253 3138.6746376991059151 5686.7644030442970688 10519
513000000 308.18802212232117199 9185.5808863647398539 1084.5984663675612865 -7803.215589308343624 3180.5933119861842897 5707.2207436897206208 10508
514000000 318.15032234733354244 9482.5084369584492379 968.05070136703898243 -7733.4798642955138348 3084.6811027259045659 5616.8494629366487061 10509
515000000 309.57331349057903935 9226.8696614011205384 955.0734821003424031 -7791.4343027152299328 3060.9330198522711726 5685.574764963301277 10527
516000000 307.82378176089383714 9174.724658796487347 932.50635137002745978 -7882.8090148585361021 3077.0449589973441107 5738.2704072312189965 10513
517000000 309.93674861879270566 9237.701888897061508 1026.2025979982979607 -7801.4592841524845426 3134.0587794817029135 5693.6031026690779981 10517
518000000 303.04530878516010262 9032.3016998195525957 1010.7742004425024334 -7840.7287588922317809 3128.6570514835102585 5722.8459078512241831 10505
519000000 306.97082787779061164 9149.3022662205876259 981.47987852615142401 -7779.0198848621912475 3075.4292596225018315 5685.0705037658408401 10516
520000000 311.07910369250777194 9271.7499185975593718 955.79438167554098982 -7869.3922974095621612 3086.4783973620742472 5738.7082817230293585 10513
521000000 309.11490937725113781 9213.2068719370163308 793.03516699090687325 -7903.696136169314741 3083.8743326836620327 5612.8569704765595816 10508
522000000 306.49022781059017007 9134.9779236946815217 877.28467968314714653 -7817.7040426520279652 3069.7367202913210349 5625.2520020438541906 10510
523000000 308.40898210624453668 9192.1666251322658354 995.60374682760027554 -7830.9332965752973905 3094.8714795460191453 5731.6655638568790891 10519
524000000 313.13004527461237103 9332.8784779292836902 1078.3492864209165418 -7767.1327533690800919 3159.4202575042245371 5686.0617822857711872 10515
525000000 307.17088930998664864 9155.2651211525335384 954.60663664665105443 -7806.2077524454043669 3180.2235483778513299 5580.5908407142051146 10514
526000000 311.73706524857118438 9291.3605415274159895 912.19646979977687806 -7861.3366267839446664 3116.3374162106842959 5657.195680373036339 10518
527000000 311.10125592314074083 9272.4101684829747683 891.24995862291325466 -7831.818286995082417 3081.374521906616792 5641.6937237113788797 10524
528000000 305.46381721700669232 9104.3856331018923811 794.64192512305305627 -7927.8131438020873247 2950.5876030806794006 5771.8674658444615488 10514
529000000 308.67266857053425611 9200.0258317610405356 1079.6409842443358684 -7782.6353908333067011 3151.6033449631995609 5710.6730301144425539 10515
530000000 310.44558879011231056 9252.8679311062969646 993.69287493904892017 -7729.0867840097271255 3121.5759880015411909 5601.203670947234059 10522
531000000 308.95519378969169111 9208.4465297334572824 1035.4514330494857859 -7878.4919404583997675 3179.7167479657073272 5734.2266255421782262 10516
532000000 308.28539204557404219 9188.4830085814937775 670.28621181151561359 -8002.0655132763886286 3113.6131454763453803 5558.738579611559544 10513
533000000 309.16723014949855042 9214.7662988161209796 745.759123257116471 -7900.3784842907643906 3056.7175188769856504 5589.4200886708949838 10514
534000000 311.66991081412112408 9289.3589955709212518 918.80228212794781939 -7810.6723335380975186 3101.5497925967429182 5627.924823069301965 10513
535000000 309.00324025909822012 9209.8785605047978606 840.09952261483260827 -7783.1740551506009069 3022.7868010595584565 5600.486776705874945 10511
536000000 314.02949856197380996 9359.6867908146105037 795.44698254348782029 -7932.9338546391572891 3102.0852255472805155 5626.295611635365276 10513
537000000 311.23049853387419716 9276.2622599649275799 863.37274064029134024 -7895.0035285144977024 3120.8759289411036661 5637.5003402136853765 10515
538000000 309.24599862853585819 9217.1140027616238513 871.05364050446530655 -7852.3926738867266977 3138.3532397632657194 5585.0930746279263985 10510
539000000 315.00179281331912762 9388.6661373498081957 929.74150650508863691 -7733.735767077426317 3126.2701619672843663 5537.2071116152301329 10511
540000000 315.70612592139872277 9409.6588699377134617 819.15845046237245697 -7849.6185434733797592 3013.8376491552662628 5654.9393447804850439 10504
541000000 310.55034912459683483 9255.9903254143664526 910.14217616987298243 -7905.5431022807260888 3136.8746618416139427 5678.8106166089855833 10517
542000000 310.01215627244891948 9239.9494230398231593 1065.8378289044335361 -7654.3922267334182834 3055.9047070566575712 5664.325348581194703 10512
543000000 309.62015822755677164 9228.2658743935862731 1092.490204024975128 -7793.8139963769845053 3089.9764650989027359 5796.3277353030571248 10506
544000000 309.75458918349801252 9232.2726051254485355 1164.3202002352472846 -7798.9587176088843989 3166.796711352512375 5796.4822064916188538 10505
545000000 309.30680154391939141 9218.9262409321272571 958.85360931211005209 -7810.3658007134799846 3119.9548576629445051 5649.2645523626451904 10514
546000000 309.60375451563987781 9227.7769597965434514 893.85314233383201099 -7896.3401175365634117 3020.9601748672926078 5769.2330850031030423 10521
547000000 312.62903223243893081 9317.9457242410771869 1005.2335027758864499 -7747.5716419472246344 3126.2552992000792074 5626.5498455230317632 10504
548000000 306.85817809994892968 9145.9447261089699168 866.28419207509909938 -7839.5378693239044878 3000.5206423711551906 5705.3014190278481692 10507
549000000 307.8440505099343909 9175.3287712876062869 868.41919995048283454 -7844.7045911942677776 3046.794340975819523 5666.3294501689306344 10510
550000000 311.10970018641643264 9272.6618507605999184 907.98814421693634813 -7865.8730313193973416 3150.8451726646721909 5623.0160028716618399 10513
551000000 306.90009548707604381 9147.1940788493848231 1059.4484574535895263 -7816.5456153744880794 3153.1135397855978226 5722.8805330424793283 10519
552000000 310.75440611312603778 9262.0722683810508897 977.90781503307368894 -7773.92670615849147 3115.3193900398337064 5636.5151311517311115 10517
553000000 312.50611341872712501 9314.2821142862503621 820.37598512956196828 -7851.5643832164932974 2995.0395269862892746 5676.9008413597657636 10523
554000000 305.5262258350500133 9106.2457294323594397 895.51345839129021442 -7834.5197387881526083 3127.5510657409140549 5602.4821314385289952 10521
555000000 310.73372799403881572 9261.455954566692526 788.1588317908983754 -7977.5922584062209353 3053.5842505047776285 5712.1668396923414548 10526
556000000 310.12532581939655074 9243.3224549318547361 869.03052707544088662 -8007.7031062327305335 3160.9852406625941512 5715.7483926455770415 10512
557000000 308.14782019446437289 9184.3826630932016997 1018.1593472311340065 -7858.4975761479990979 3081.7150773967332498 5794.941845982400082 10506
558000000 304.71257135676637517 9081.9946603208518354 884.60786495157026366 -7918.6779221821088868 3054.6084574298010921 5748.6773297038771489 10512
559000000 310.30903606093647795 9248.7979606692206289 1051.6615939364723999 -7828.4008972883402748 3153.7819051341521117 5726.2805860906601083 10516
560000000 312.2795070843975509 9307.5280853690564982 960.18630585722360138 -7787.8738744308757305 3081.6657960224220005 5666.3943842656772176 10504
561000000 312.36017447179466444 9309.9323865055030183 944.46511095712503447 -7866.6262152749977759 3059.8530983436639872 5751.2382278884588231 10501
562000000 307.66974204739068455 9170.133486698519846 801.48530696797183737 -8020.6792219780190862 3097.6328550556954724 5724.5316738902956786 10511
563000000 308.08301797288771695 9182.4512251229352842 930.39977593116361732 -7815.6736547757645894 3043.0287813665054273 5703.0446493404215289 10504
564000000 310.01026105186411996 9239.8929357634533517 1059.0565135149972775 -7790.0502724577572735 3102.7686823182102671 5746.3381036545451934 10513
565000000 313.41783243548303517 9341.4560087042646046 907.40791228516445699 -7848.8975556217310441 3079.4767076121493119 5676.8287602947457344 10509
566000000 309.21329624229997535 9216.1393042257168418 1110.0185691764563671 -7766.783219251272385 3191.4217906150693125 5685.3799978126598944 10526
567000000 311.23443883126049059 9276.379701000139903 908.37242846846174871 -7794.9589964062179206 3071.1197620585435288 5632.2116628161347762 10521
568000000 310.56857229765654438 9256.5334692685428308 763.82112115730865298 -7907.7065400392439187 3045.214846561622835 5626.3128146349290546 10508
569000000 312.94368759647443312 9327.3240650272400671 889.36357222730964622 -7878.6609262846686761 3090.1477736331521555 5677.8767248788262805 10518
570000000 309.51603223364128326 9225.162386682099168 845.83333607286635925 -7999.271552084655923 3145.6303504598445215 5699.4745376976788975 10501
571000000 308.40688537866589058 9192.104131915826656 716.17639861525901779 -8012.5869254589433694 3118.6047641821392062 5610.1585598920628399 10519
572000000 310.22169559799851868 9246.1947677175794524 990.49225328052079931 -7818.117751520643651 3113.5118451143530365 5695.0981596868114138 10512
573000000 308.89412543864563077 9206.6263802212615701 785.73531632684739634 -7909.9036271865825256 3016.1681907871861767 5679.4707527262435178 10518
574000000 309.647347939986048 9229.0762670268759393 781.71934875630881834 -7986.5446154374294565 3050.1168334908315956 5718.1471307029059972 10504
575000000 309.60379075736204868 9227.7780399854109419 973.40513302049589583 -7817.5315040484965721 3146.1224644658200305 5644.8141726031735743 10510
576000000 311.01053498842327372 9269.7062201653370721 906.16811358368011042 -7718.4633481010696414 3100.1938765287845854 5524.4375851559652801 10521
577000000 309.737014398401584 9231.7487865521252388 859.42486404917826803 -7853.6218083886906243 3090.3134807758710849 5622.7331916619978074 10514
578000000 314.57351403130996914 9375.9012369913580187 846.81342959207938748 -7969.7935374491262337 3161.6299491811523694 5654.9770178600538202 10511
579000000 307.42888039997194483 9162.9545764684862661 928.56254643061777188 -7860.8643410270296954 3081.9684421962351735 5707.4584452614117254 10516
580000000 313.94128307983373816 9357.0575178109193075 831.71051568700170264 -7942.7539268235914278 3092.2142746297358826 5682.2501678808566794 10515
581000000 312.15132430335734171 9303.7075822379629244 955.9977056249800853 -7786.8276051260909298 3053.294777349267406 5689.5305334018030408 10520
582000000 312.594784251961471 9316.9249590838080621 1044.2400537795836044 -7779.3575065238746902 3151.8243120185693442 5671.7732482848896325 10514
583000000 310.26645012441480276 9247.5286817340838752 1051.5795125988545351 -7756.0180857024406578 3146.1489615215086815 5661.448636779786284 10513
584000000 315.05261083277486023 9390.1807745020923903 983.41958121853474495 -7762.4267033352889484 2994.4260683008906199 5751.4202162529327325 10514
585000000 311.29451876772674268 9278.1703906974817073 953.7823433177284187 -7788.6698763162476098 3063.9667849915804254 5678.4854346423944662 10518
586000000 311.58754748863719897 9286.9041467968108918 798.91490680430320026 -7937.5382462303168722 3042.9919710645835949 5693.461181970034886 10512
587000000 308.36188428094607161 9190.7628688121076266 943.93306772927064685 -7809.5390521109229667 3051.4133014068229386 5702.058818433371016 10515
588000000 306.83297211479657562 9145.1934587046016532 1062.4058578154417773 -7797.5560045438669476 3126.8807915091560972 5733.0810708501521731 10505
589000000 309.42417644642239338 9222.4246139498263801 989.91313378581935467 -7819.1979536148901389 3129.183631761668039 5679.9274556390409998 10531
590000000 311.25115083766240787 9276.8778043512083968 991.6684436636448936 -7814.5989488160321343 3032.0810119981879325 5774.1863804814884134 10520
591000000 312.06432687010646987 9301.1146133272031875 1018.4099752373283536 -7775.1439212751720333 3073.7284441177866938 5719.8254523947134658 10514
592000000 312.24613176908388823 9306.5333301014434255 922.20523894834650491 -7834.2174148903795867 3113.2935967359358074 5643.1290571027902843 10510
593000000 311.27845837923069894 9277.6917088960890396 816.42255847176932093 -7846.2952127419212047 3014.7067107098700944 5648.0110605038207723 10520
594000000 310.17482601034191703 9244.7978140476570843 866.60252752078645244 -7798.8388289487756992 3055.9333118826348255 5609.5080445869270989 10515
595000000 311.94009408552847162 9297.411840313439825 985.72331066547508271 -7862.4523932671108923 3152.2832382446408701 5695.8924656879444228 10512
596000000 307.04774302006950393 9151.5947312421794777 960.27232040276362568 -7816.7150058199531486 3085.3901063153889481 5691.5972199073275988 10509
597000000 313.41312129745432458 9341.3155926714425732 960.30995882579236422 -7828.7409824345140805 3172.6231721482872672 5616.4277691120187228 10514
598000000 306.18337823415436105 9125.8322353422008746 869.08969183967008121 -7928.1731415362019106 3170.8894233504374824 5626.3734100254350778 10513
599000000 309.86100830555506036 9235.4444397956594912 744.76716924002482756 -7911.2426880544826417 3025.7861469951940308 5630.2237102993130975 10511
600000000 311.02905368170161182 9270.2581720349990064 1014.1122918904271728 -7793.0998321122388006 3100.975224363534835 5706.236899639132389 10505
