# Steps Temp KinEng PotEng Epair Ebond Eangle Bonds
1000000 310.91029784264719638 9266.7186400381015119 1031.7742057767727601 -7670.0877946122564026 3044.9979500455337984 5656.8640503434953644 10503
2000000 311.73232791531245311 9291.2193447426288913 1357.0525039389103767 -7544.8829714838011569 3149.116523257172048 5752.8189521655394856 10503
3000000 307.65043847625673834 9169.5581414504304121 1232.6621483614230783 -7565.7365109741867855 3093.012078380942512 5705.386580954666897 10509
4000000 310.18167065076784183 9245.0018193747855548 1284.9652528460455869 -7587.1177341402481034 3134.3330519333048869 5737.7499350529888034 10499
5000000 310.01969963258102325 9240.1742537914251443 1135.8176280559580391 -7637.9698029814298934 3120.8677449140918725 5652.9196861232967422 10502
6000000 307.4015542121842941 9162.1401161708054133 1164.3682525649828676 -7613.8653347082545224 3063.0400438358565225 5715.1935434373808675 10497
7000000 315.88136274807777681 9414.8818245309703343 1374.7732316806541348 -7543.0497024948381295 3144.8232100368959436 5772.9997241385963207 10496
8000000 311.13934994528045763 9273.5455653723201976 1221.8557958139076618 -7555.4748752216200955 3098.4772488474977763 5678.853422188029981 10516
9000000 311.20916481620542982 9275.6264059563782212 1278.3185121350495592 -7524.401600275871715 3059.4326881193474037 5743.2874242915740979 10520
10000000 310.38401822453465684 9251.0328130298767064 1156.1635573130029115 -7663.0250194091913727 3070.2332792584766139 5748.9552974637172156 10510
11000000 302.66932978157086609 9021.0956006166670704 1078.0896260451554554 -7747.7465144602119835 3075.2216628535420568 5750.6144776518258368 10511
12000000 309.1101293618572754 9213.0644030060830119 1149.7511418380368013 -7652.5822158617393143 3112.9707735106917426 5689.3625841890843731 10501
13000000 308.00025839227026836 9179.9845659171405714 1154.0196787606669204 -7684.6771384690073319 3084.6795022644369055 5754.0173149652364373 10503
14000000 312.2772403790463045 9307.4605259447616845 1242.1498544030089306 -7624.810271387843386 3110.2150443423220167 5756.745081448530982 10503
15000000 309.33297818346665053 9219.7064388069138658 1137.9045206557032088 -7592.3609489855134598 3066.6599454330184926 5663.6055242081974939 10516
16000000 311.68863484915698336 9289.9170676762441872 1298.1638569688336702 -7524.0567292796122274 3109.1778924657673997 5713.0426937826787253 10513
17000000 304.29565095478693593 9069.5682978386721516 1275.0902802508558125 -7597.3808133865750278 3152.5541344466955707 5719.9169591907357244 10518
18000000 315.42335504084593367 9401.2308499980063061 1137.8013017895700614 -7675.7529042120750091 3062.2660917418229474 5751.2881142598216684 10505
19000000 316.05527760327021269 9420.0653776058406947 1259.3028030260520609 -7596.2449087569930271 3053.3593812747790253 5802.1883305082665174 10500
20000000 311.40306813854806478 9281.4057176870792318 1223.183266832373647 -7574.0608101528205225 3131.2256315874947177 5666.0184453976999066 10511
21000000 306.96354587914464673 9149.0852253793636919 1041.6060020806271496 -7581.3318392788860365 3038.2570647328261657 5584.6807766266865656 10501
22000000 309.16246540023189482 9214.6242848939364194 1184.3137363993719191 -7539.1195166650177271 3019.2141273417746561 5704.2191257226149901 10506
23000000 310.59123775377202037 9257.2090159008912451 1241.7969968160405188 -7588.7473373106504368 3140.1330484120294386 5690.4112857146610622 10505
24000000 308.78062258335449997 9203.2434140341574675 1289.7534460417459741 -7547.7504713291727967 3109.6291777791489039 5727.8747395917698668 10518
25000000 312.79183637631427928 9322.7981212353024603 1486.5102236469952004 -7449.4453013580750849 3164.322374870103431 5771.6331501349668542 10513
26000000 308.01209962192041303 9180.3374951841396978 1315.0216427565192134 -7519.0552809485425314 3047.1775826733774011 5786.8993410316852533 10514
27000000 313.70519842288393875 9350.0209863535692421 1137.8059074241996314 -7634.4917382052326502 3046.6307906911151804 5725.6668549383175559 10523
28000000 310.70320534794996092 9260.5462234467613598 1349.6092519280259694 -7503.351642969830209 3154.7928149541926359 5698.1680799436635425 10505
29000000 304.28767036865821183 9069.3304355139098334 1117.0362239808305276 -7663.0090705572893057 3061.8573650431553688 5718.1879294949649193 10520
30000000 307.19606935067270115 9156.0156152789804764 1047.3259909492273891 -7690.7297428952715563 3030.3892614132619201 5707.6664724312358885 10506
31000000 310.26352668814382696 9247.4415483661214239 1185.8454617717243309 -7563.0503015505983058 3142.3408965614657973 5606.5548667608563846 10509
32000000 308.86213083122618173 9205.6727771176920214 1044.3378478722020191 -7652.683535199461403 3104.3356422819174441 5592.6857407897450685 10522
33000000 311.04999741087038956 9270.8824023896286235 1161.4645798270730666 -7647.4103177346532902 3097.1704280461508461 5711.7044695155764202 10510
34000000 313.66364924670477876 9348.7826081845305453 1138.4115316805741713 -7666.073757762205787 3063.2293623930540889 5741.2559270497258694 10508
35000000 307.00192409253884307 9150.2290926230634796 1191.0799927119589938 -7588.8317026288104898 3052.3330045597977005 5727.5786907809715558 10505
36000000 310.85028360662653313 9264.9299085504044342 1120.6145590078876921 -7620.904875046977395 3024.0962015182049072 5717.4232325366601799 10498
37000000 312.64057183750838931 9318.289663551347985 1123.5954273431548245 -7726.2839133777943061 3102.026122512404072 5747.8532182085455133 10513
38000000 312.7761351441394595 9322.3301441310522932 1122.8120624070065787 -7624.3821006100115483 3133.4573980525074148 5613.7367649645111669 10516
39000000 312.4771161061426028 9313.4178459139820916 1187.6261257742735324 -7560.8981054530668189 3064.9532823736935825 5683.5709488536467688 10515
40000000 310.38518599700495315 9251.067618628125274 1006.342836868224822 -7695.6596953912785466 3031.9338026181058012 5670.0687296413980221 10512
41000000 314.30373958398871537 9367.8605772996579617 1191.858754865229912 -7614.5606318648515298 3148.1449706158214212 5658.2744161142600205 10511
42000000 312.31260924055612804 9308.5146990953580826 1089.3432554641185561 -7714.1015857701295317 3106.1162965457292557 5697.3285446885183774 10505
43000000 305.62272585730454466 9109.121924145738376 1233.2547041525253917 -7665.1200214732289169 3149.0797114239735492 5749.2950142017798498 10523
44000000 309.13957592951322795 9213.9420614795271831 1139.3599327984404681 -7671.7341094907242223 3138.107441768233457 5672.9866005209323703 10510
45000000 311.37699344682414448 9280.6285583793687692 1146.0774610318599116 -7695.6882213038070404 3088.0420897083431555 5753.7235926273242512 10518
46000000 309.07348607198650825 9211.9722453656504513 1142.539865967485639 -7688.3306936178887554 3050.0217285747580718 5780.8488310106167773 10511
47000000 310.6675400971663521 9259.4832163783830765 1141.5768686968453949 -7713.2042040845699375 3026.1369101593281812 5828.644162622087606 10519
48000000 309.89668611126063524 9236.507821064988093 1176.835248854603833 -7630.668362355419049 3106.2740934303938047 5701.229517779629532 10518
49000000 305.76857928094511863 9113.4691028945344442 1043.9683430218810827 -7691.9685042676774174 3080.6506605841796045 5655.2861867053798051 10516
50000000 316.58391072307148306 9435.8213510135901743 1068.281105716296679 -7632.3102386976670459 3116.7882406223989165 5583.8031037915661727 10522
51000000 307.60642619290001676 9168.2463500771555118 1084.6223339360112732 -7687.3294856524180432 3040.5273694654042629 5731.424450123024144 10521
52000000 315.43097471655755726 9401.4579553445892088 1187.7726074591805627 -7629.6028054429189069 3098.1404114131564711 5719.2350014889434533 10519
53000000 311.0097859098679578 9269.6838937893389812 1242.9095246936740295 -7571.8308256772224922 3108.0647329667481245 5706.6756174041493068 10513
54000000 313.74287301736649169 9351.1438821513911535 1221.5522564091879758 -7661.8227836073456274 3153.7410354735948204 5729.6340045429387828 10522
55000000 313.84043192528935151 9354.0516370788536733 922.43156595191953784 -7697.2108829598801094 3015.4520022158317261 5604.1904466959676938 10521
56000000 313.08633829037108853 9331.5757860326848458 990.89457668938348434 -7731.3719712525344221 3049.0624322811272577 5673.2041156607901939 10509
57000000 313.04239845577387769 9330.2661540033586789 904.37517356572061544 -7661.4959024709551159 3021.7950734461041975 5544.0760025905710791 10521
58000000 307.53863753451787488 9166.2259010004545416 931.92284049451507144 -7921.3844534897516496 3132.9574225692940672 5720.3498714149727675 10521
59000000 308.53308710805339388 9195.8655895652991603 1025.7014273890058575 -7830.631569244158527 3156.1828131214660971 5700.1501835116960137 10527
60000000 309.59150439506669272 9227.4118434866431926 916.05196964978279084 -7959.2780037237444049 3159.7772377833343853 5715.5527355901922419 10528
61000000 305.8899765567721829 9117.0873632305938372 1006.3890473757890049 -7778.2685385947806935 3083.5999633080259628 5701.0576226625444178 10519
62000000 312.72017729930144014 9320.6623138680643024 895.61859597225850393 -7744.9633922277562306 3042.3375280374420981 5598.2444601625720679 10523
63000000 309.06383311400861658 9211.6845377977588214 971.32702276928637275 -7775.1247081335750408 3098.9609884452720507 5647.490742457588567 10507
64000000 308.53871061670315612 9196.0331989136830089 983.68237058598288058 -7801.2554895780458537 3121.2144870526681188 5663.7233731113601607 10519
65000000 308.49052065776743348 9194.5968914197510458 920.14804339507577424 -7850.3322609380174981 3157.4160049868955866 5613.0642993461979131 10526
66000000 309.30791658241969344 9218.9594747880892101 1054.6337371046192857 -7707.0830712817441963 3069.4745895556152391 5692.2422188307482429 10517
67000000 310.11415071527926557 9242.9893796160904458 965.23704430033444623 -7790.726827928210696 3108.9289342313268207 5647.0349379972185488 10514
68000000 311.6221851043657125 9287.9365250793725863 766.40767359932749514 -7947.1583076978349709 3056.8133388820288019 5656.7526424151328683 10515
69000000 310.96988384482494894 9268.4946079648561863 1047.0265367043152764 -7750.9765641196299839 3114.2696867336876494 5683.7334140902585204 10515
70000000 310.32905628968183009 9249.3946659831963188 977.05450308115348435 -7685.8649154327795259 3037.3660391012422224 5625.5533794126913563 10499
71000000 312.52019438407501184 9314.7017991437951423 1028.067110665537939 -7692.846666660887422 3120.6200475938194359 5600.2937297326043335 10509
72000000 311.2952882759978479 9278.1933259836041543 988.83741493465663552 -7762.8529565905164418 3139.7618320646342909 5611.9285394605394686 10509
73000000 308.70837692492824544 9201.0901235376841214 833.56867647354727069 -7867.1207395109104255 3041.3354671767474429 5659.353948807710367 10509
74000000 311.29946769462992506 9278.3178940561665513 886.85161675001040749 -7835.8191938709369424 3097.4024318158326423 5625.2683788051153897 10502
75000000 307.54443310302730197 9166.3986386135493376 1138.7696292279429144 -7689.4399809206106511 3101.7222832699217179 5726.4873268786313929 10510
76000000 311.53001818097413889 9285.1894788962326857 1104.084543825275432 -7736.8895352660538265 3101.0858142717538612 5739.8882648195749425 10512
77000000 309.36379224499847851 9220.6248555990041496 1047.5541784782431023 -7779.1370447272738602 3096.1049961479438934 5730.5862270575744333 10506
78000000 311.58541946538798584 9286.8407208091648499 974.55380365598853132 -7774.9462592958552705 3007.9856429547157859 5741.5144199971273338 10515
79000000 310.65130056787285184 9258.9991952640812087 806.71215362357270351 -7902.9836758451474452 3118.7190505350922649 5590.9767789336274291 10502
80000000 313.45075561258641983 9342.4372879384045518 1128.9089970102909319 -7690.6518989521755429 3123.1182472324480841 5696.4426487300188455 10516
81000000 306.19318887574837618 9126.1246426891466399 1012.2923135255645093 -7797.6113604030870192 3115.6905808819137746 5694.2130930467392318 10504
82000000 310.32461518047489335 9249.2622981917284051 1232.6677146457489016 -7612.7896123318569153 3096.603452466312774 5748.8538745112928154 10505
83000000 309.37978979384439526 9221.1016644571027427 1129.0052070684653245 -7697.9195548157622397 3126.7004016724422399 5700.2243602117850969 10506
84000000 304.26567974966712882 9068.6750024828234018 1096.5318719029073691 -7732.0894488431331411 3108.6556160461796026 5719.9657046998618171 10511
85000000 310.03314390477942197 9240.5749619334419549 1050.2103771346960457 -7768.8011369673613444 3128.4596522123611066 5690.5518618896958287 10507
86000000 309.79799419505690139 9233.566296690105446 1051.8810463048764632 -7786.8490156607203971 3121.5810091904140791 5717.1490527751830086 10532
87000000 309.15078782220717812 9214.2762332832207903 987.0236682758365987 -7828.7503664488158392 3064.6803581524909532 5751.0936765721608026 10522
88000000 310.14230119848826916 9243.8284081374658854 1045.3523489356573464 -7738.1552778646855586 3110.4784796789344909 5673.0291471214095509 10520
89000000 308.16906482326669448 9185.0158617974229855 899.1913674840142221 -7760.3102214336522593 3061.2398546328308839 5598.2617342848352564 10515
90000000 306.24903954141234408 9127.7892784640243917 1069.6506611164959395 -7688.9663444774650998 3103.5953386171700004 5655.0216669767914937 10510
91000000 311.34844918479916487 9279.7777932332537603 1047.6028324464105026 -7775.9937557196089983 3072.8283866354195197 5750.7682015306008907 10513
92000000 309.40970455235469672 9221.9932774149983743 934.7102924403528732 -7863.951343821869159 3097.1086711014318098 5701.5529651607903361 10516
93000000 311.06994943202249715 9271.4770747681232024 937.36777803273071186 -7776.5229011332830851 3045.9073467223879561 5667.9833324436258408 10511
94000000 308.0228528118821032 9180.6579952979973314 952.06667043009861118 -7819.7804562311393966 3077.673484727957657 5694.1736419332801233 10521
95000000 308.95925742233333722 9208.5676467907178449 1030.9040963750142055 -7774.1709328389024449 3107.9381356262829286 5697.1368935876334945 10525
96000000 310.28817244786046103 9248.1761181843266968 1060.7918264423390156 -7799.7861002539584661 3124.4362488113392828 5736.1416778849588809 10519
97000000 309.69055457037853785 9230.3640458171230421 987.9608491165651003 -7705.3014625721662014 3063.0298407769964797 5630.2324709117347084 10515
98000000 309.79110723775619363 9233.3610301034586882 940.29804092294352813 -7788.3012017984601698 3088.1377337170360988 5640.4615090043680539 10515
99000000 311.52042500831328198 9284.9035532368689019 977.23503360503036674 -7880.0421697375541044 3131.6327042245075063 5725.6444991180769648 10506
100000000 308.65368339703195488 9199.4599763924688887 1013.5818082309075407 -7792.3729258482644582 3113.6853045933921749 5692.2694294857792556 10513
101000000 306.63329605572693026 9139.2420898648142611 834.55615461695003887 -7881.7440380378129703 3076.8570495666872375 5639.4431430880758853 10512
102000000 311.16939614170337336 9274.4410958529333584 1053.7304076143514067 -7746.015984330538231 3082.1122049085215622 5717.6341870363676207 10515
103000000 312.71040970731718289 9320.3711896198892646 1118.283577433359369 -7820.5750798813041911 3153.6676013008195696 5785.1910560138439905 10509
104000000 311.32850888835190517 9279.1834703109907423 1007.47155366209779 -7856.2418762152392446 3080.7804752176534748 5782.932954659682764 10518
105000000 311.77552976347908498 9292.5069809980614082 1026.802240424096226 -7763.2504064298627782 3102.4728679996051142 5687.5797788543532079 10515
106000000 311.43381319437685306 9282.3220777559308772 958.05981477588738926 -7807.042261100406904 3070.0003306424682705 5695.1017452338264775 10506
107000000 308.51784473458246794 9195.4112887996398058 1133.7905546381366548 -7680.4461229861253742 3138.1943289833507151 5676.0423486409108591 10502
108000000 309.02692451132924134 9210.5844724773105554 1107.5728007335701477 -7755.631339387888147 3111.9268785179738188 5751.2772616034853854 10511
109000000 307.25386566882934858 9157.7382414592775604 994.93278650749334702 -7836.634356879929328 3088.9390006745352366 5742.6281427128869836 10509
110000000 310.32427264085220031 9249.2520887572754873 844.33173648275783307 -7874.3343595541900868 3029.0458696127043368 5689.6202264242438105 10509
111000000 309.23614341479691348 9216.8202669365637121 1003.5382040562916472 -7750.3013576654757344 3057.4365627009965465 5696.4029990207709488 10509
112000000 315.80389907708229202 9412.5730105453276337 926.82660789942883639 -7773.5013801099230477 3105.4612591323166271 5594.8667288770357118 10512
113000000 311.52020031638079445 9284.8968562669288076 904.02242712231077348 -7882.6851431647628488 3076.296552927063658 5710.4110173600101916 10513
114000000 309.6087343685476867 9227.9253849084998365 1124.9570191341085774 -7705.2972790761577926 3043.8568284268403659 5786.3974697834264589 10521
115000000 308.29398559462197227 9188.7391403394285589 926.00244228761039267 -7854.2521471340933203 3082.3673233959734716 5697.8872660257311509 10512
116000000 309.79543799812148563 9233.4901089344948559 1042.9373778517351639 -7883.643232372298371 3131.5495211161533007 5795.0310891078797795 10513
117000000 306.97243503748057947 9149.3501678075081145 1222.7978222165565967 -7712.0689987199220923 3146.2553367565833469 5788.6114841798953421 10516
118000000 313.67614392195730488 9349.1550134759181674 1092.3779426875462377 -7738.7890674451300583 3118.1593818777760134 5713.0076282548998279 10511
119000000 308.34712323726881777 9190.3229141385600087 1167.7239433783647655 -7654.1735309824780416 3135.3039502934598204 5686.5935240673825319 10509
120000000 310.9035405535447012 9266.5172382276232383 1011.0119200875874412 -7817.7001825736706451 3087.3801538227749006 5741.3319488384822762 10517
121000000 313.39711676114870897 9340.8385755512717878 1052.8960169928718642 -7683.9434311730419722 3106.950285736774731 5629.8891624291391054 10501
122000000 309.82441994388938156 9234.3539192969547003 970.24875985238463727 -7827.5711901500908425 3124.6743065760128957 5673.145643426461902 10509
123000000 310.51584097536300533 9254.9618058961732459 690.3613345207634211 -7987.1492111726383882 3012.4723669228364997 5665.038178770565537 10512
124000000 306.92753991952662318 9148.0120634433969826 859.30453913674568867 -7934.6173814900830621 3136.4959488463746311 5657.4259717804534375 10507
125000000 309.60920720493680847 9227.9394778536698141 1047.4158124143823443 -7800.6910962529927929 3142.5837033087027521 5705.523205358672385 10519
126000000 309.90243370247873145 9236.6791287091728009 908.97871362594378297 -7856.8908647113348707 3060.7923336993999328 5705.0772446378796303 10523
127000000 308.42607558989811878 9192.676098458478009 996.3370273164914579 -7798.6131830525037003 3080.84680101679578 5714.1034093521993782 10517
128000000 307.09840956346710072 9153.1048536324215092 882.29069840172610384 -7941.3150725123687153 3119.434510357560157 5704.1712605565353442 10506
129000000 311.86415645942361152 9295.1485102784135961 934.23479853113462923 -7856.9708044599792629 3056.9399140521386471 5734.2656889389763819 10512
130000000 310.11585301221981581 9243.0401167801519478 989.55162699057791542 -7789.1049442131788965 3154.9232987119594327 5623.7332724917978339 10507
131000000 307.89195555919923208 9176.7565870146991074 944.44537271536535172 -7726.8731468980176942 3076.6361603149771327 5594.6823592984064817 10506
132000000 312.14698159180233006 9303.5781472002872761 811.82855850302019007 -7892.6699265241304602 3089.3511067138297221 5615.147378313320587 10505
133000000 311.89079665893308402 9295.9425246133578185 1036.3755647159800901 -7725.4041382804844034 3132.6691546701531479 5629.1105483263108908 10518
134000000 305.9833823160324755 9119.871333065077124 824.76067314879151127 -7950.1876940483225553 3082.2113406239650431 5692.7370265731478867 10524
135000000 309.73188944328103389 9231.5960366513518238 1104.4134358176979731 -7697.3994199713524722 3131.1088627291524062 5670.7039930598984938 10514
136000000 309.30478261498126358 9218.8660665134812007 964.64536568205721778 -7745.1947924129872263 3086.4707913576257852 5623.3693667374182041 10513
137000000 312.14356083590843127 9303.4761911614386918 1025.1437868567199985 -7860.147921640943423 3178.9017512959326268 5706.3899572017307946 10511
138000000 310.00431611939507093 9239.715746339665202 891.96740240818076018 -7863.8100461712265314 3049.7682647628898849 5706.0091838165171794 10516
139000000 312.49070917026290317 9313.8229888170408231 861.59394415547717472 -7876.9369733278535932 3156.5884536013127217 5581.9424638820182736 10526
140000000 310.72728289438072125 9261.2638575999699242 910.77060519323401877 -7886.1518248262300403 3042.0255910091909755 5754.8968390102727426 10502
141000000 309.27230579741120664 9217.8980910786576715 837.3803811700119013 -7823.7022521252729348 3071.3651254840019647 5589.7175078112832125 10517
142000000 309.81898195852352274 9234.1918394922522566 923.40185716827295437 -7880.7225792067147268 3150.0740417812485248 5654.0503945937398385 10522
143000000 308.24425393452202115 9187.256882257768666 881.31051107509006215 -7855.9995585491578822 3100.4619653649606335 5636.8481042592875383 10509
144000000 310.66051202449841639 9259.2737438313251914 962.54398760761034737 -7764.6865044853257132 3104.5456530097217183 5622.6848390832146833 10512
145000000 308.04120510862003357 9181.2049876988567121 888.29350757666770733 -7808.5335095437894779 3076.0196710492723469 5620.8073460711839289 10512
146000000 310.91702238255192015 9266.9190657548224408 1092.6116479220063411 -7659.2086313936461011 3103.9307877621804437 5647.8894915534719985 10506
147000000 307.67077448735631151 9170.1642586952693819 960.33601960769351535 -7773.4386790204735007 3036.3535544832984669 5697.421144144867867 10522
148000000 310.03788749900274979 9240.7163453270295577 1047.4249596022270907 -7854.6234332074973281 3157.9666545024556399 5744.0817383072680968 10510
149000000 314.42960960685468308 9371.612148396554403 880.65151284367948392 -7881.2058913640030369 3002.7146846359414667 5759.1427195717405993 10510
150000000 310.77302419770956021 9262.6271826204592799 930.62710852354416602 -7847.5702384761480062 3069.6012784072199793 5708.596068592471056 10514
151000000 310.93084237154471339 9267.3309721808655013 1133.5933025940798871 -7752.8247109511830786 3155.5458961762860781 5730.8721173689764328 10509
152000000 310.10195396071600271 9242.6258538865040464 981.33838120851805797 -7715.6389425574288907 3127.2439113675254703 5569.7334123984210237 10508
153000000 306.55398114028611189 9136.8780993169020803 1042.0986568775474552 -7777.9368245718133039 3116.7739728576489142 5703.2615085917122997 10516
154000000 308.59339187679984207 9197.6629804156618775 1154.9097170806892336 -7695.7585328506247606 3102.0395592998215761 5748.6286906314926455 10520
155000000 311.51753774758230975 9284.8174980852072622 1043.3443517913065079 -7829.5516185414708161 3111.9340466946077868 5760.9619236381695373 10521
156000000 310.82642109382254603 9264.2186835001793952 1013.5438086534425111 -7794.6283151282905237 3072.1504773239344104 5736.0216464577988518 10517
157000000 308.3360642305951842 9189.9932991209989268 898.81832988950168328 -7832.5132653816908714 3082.2929406163616477 5649.0386546548306796 10512
158000000 308.49029259505823575 9194.5900939834064047 911.88677516609209306 -7890.5639838622555544 3089.6173446909306222 5712.8334143374167979 10522
159000000 310.04486504814343562 9240.9243120143091801 915.07580087981887118 -7813.1559854846591406 3049.4842034832076934 5678.747582881269409 10509
160000000 307.50216598933650403 9165.138862231046005 979.62069024786251248 -7797.2050313042191192 3061.8603265437322989 5714.9653950083502423 10518
161000000 305.310381725703337 9099.8124699189102103 1017.052871143291668 -7804.4248459704886045 3115.2617831944480713 5706.2159339193312917 10525
162000000 314.216500745180781 9365.2604132673750428 1086.6390518687767326 -7655.3493176748579572 3077.5844951051217322 5664.4038744385125028 10519
163000000 309.7714615536407905 9232.7754881370074145 995.48682855783590639 -7842.9774985533686049 3125.120957021842969 5713.3433700893619971 10516
164000000 307.75197739909532402 9172.5845211988216761 902.63107282217015381 -7809.0961489574146981 3065.2316730037846355 5646.4955487757997616 10511
165000000 302.88715379797974947 9027.587871497078595 1069.39476293683515 -7778.1117867291759467 3080.9295680880700274 5766.5769815779422061 10500
166000000 311.5228216147605167 9284.974984378879526 896.59626098793398796 -7857.1406586532448273 3105.7609298424058579 5647.9759897987732984 10512
167000000 305.14980735602051709 9095.0265316113764129 845.49774480768292051 -7882.4569498151950029 3074.6093248310744457 5653.345369791804842 10516
168000000 310.5048403026747792 9254.6339295300313097 928.20122195326086967 -7796.0092752547388955 3032.9932547019720914 5691.2172425060271053 10515
169000000 310.01671371225899065 9240.0852580788414343 1075.5106668303469633 -7741.0794227524893358 3150.4410103140835417 5666.1490792687527573 10517
170000000 311.44030278694157232 9282.5155008390611329 662.83168188202330384 -7897.7869729799549532 3050.3821545772971149 5510.2365002846800053 10511
171000000 309.72728479525540024 9231.4587945658167882 772.41020786200658677 -7955.0390820062239072 3104.2873268291691602 5623.161963039060538 10507
172000000 306.96074948274645067 9149.0018784500152833 720.95327482816969678 -7898.2449604175735658 3114.3446572866841962 5504.8535779590592938 10510
173000000 313.07889492438431489 9331.3539356185538054 857.57550958414196884 -8024.108009415064771 3165.9002231248960015 5715.7832958743110794 10502
174000000 311.5895883219212692 9286.9649740771092183 893.13592990746451505 -7841.0326129389413836 3022.9474218327386552 5711.2211210136665613 10500
175000000 310.91653883157061955 9266.9046534599474398 808.36496655136102163 -7890.5551080105797155 3067.5143752061262603 5631.4056993558151589 10515
176000000 312.53360626730011518 9315.101541928586812 819.57425270621570235 -7969.9836646504190867 3099.1269663616258185 5690.4309509950089705 10515
177000000 312.41621647785370897 9311.6027252037583821 941.35793658043587584 -7827.4281820159303606 3125.12638555261492 5643.6597330437516575 10510
178000000 308.10552699589749182 9183.1221092478444916 973.85328648671952578 -7827.8484791697410401 3131.3650744995284185 5670.3366911569328295 10514
179000000 306.37613673218794474 9131.5774254473471956 834.91374130376868834 -7888.8525348945149744 3021.4222978727520967 5702.3439783255316797 10503
180000000 308.05313795887576589 9181.560647728971162 1058.9551503711170426 -7801.1291323894447487 3079.4945299529299518 5780.5897528076320668 10507
181000000 308.46584455737308872 9193.8614172940160643 895.87842497575479683 -7796.6795239713892443 3069.1528558138011249 5623.4050931333431436 10513
182000000 311.23261443595185938 9276.3253246796048188 871.62962509943190526 -7881.3288695549936165 3028.9141302307270962 5724.0443644236984255 10509
183000000 308.28150788048998265 9188.3672405762663402 947.40886049304663175 -7765.2522090748461778 3111.6471813083817324 5601.0138882595110772 10515
184000000 307.79768244519920017 9173.946765568383853 970.11917505335554779 -7823.7534883955413534 3057.975075874164304 5735.8975875747328246 10506
185000000 313.67208244235166603 9349.0339605901535833 1012.4227044599797409 -7772.2354163312174933 3151.6851022025675775 5632.973018588629202 10504
186000000 309.75095262808514462 9232.1642171561088617 961.06893114590275218 -7879.6421871732554791 3115.7063798965273236 5725.0047384226309077 10507
187000000 309.9344938528096236 9237.6346853270624706 1142.450696358731193 -7703.8755540327456401 3174.0546320004714289 5672.2716183910060863 10510
188000000 311.42708011150330094 9282.121397415001411 1000.9303631071352356 -7746.5371967114742802 3108.4436537817773569 5639.0239060368330684 10519
189000000 311.19689823512908333 9275.2607990392116335 694.66436457727422749 -7993.3914316081772995 3064.2012517284729256 5623.8545444569790561 10518
190000000 312.17411824071353976 9304.3869582690695097 1069.9210740321368576 -7913.162233713022033 3139.3674342708382028 5843.7158734743206878 10506
191000000 304.656936117647831 9080.3364453599442641 772.53101036334669516 -8009.4598054462858272 3059.9700707155770942 5722.0207450940552008 10516
192000000 312.16280060125984619 9304.0496346705440374 920.58970737088588976 -7855.7004929525674015 3177.4851080727239605 5598.8050922507300129 10524
193000000 307.16653518916405119 9155.1353460602713312 780.06334376735753722 -8032.7845050271134824 3064.394697392863236 5748.4531514016071014 10518
194000000 309.01243724178249295 9210.1526776744885865 889.47274875518644421 -7871.8281226556164256 3058.1977382596478492 5703.103133151154907 10517
195000000 311.35954093697847611 9280.1083842345287849 909.19026449797911482 -7874.7700046778509204 3109.2163162604929312 5674.7439529153380136 10504
196000000 312.13294878534981081 9303.1598977243829722 911.97945442472519062 -7827.4926602645055027 3087.8087196378555745 5651.6633950513760283 10520
197000000 308.06261020946607232 9181.8429692915487976 967.94733637418175931 -7869.0893063992689349 3102.4875996595555989 5734.5490431138950953 10511
198000000 310.72491814322432901 9261.1933759087169165 1031.371934054458734 -7845.9083022163877104 3137.9888198495891629 5739.2914164212579635 10518
199000000 310.55070134023497985 9256.0008232436193794 912.4330935025927829 -7791.3276882761765592 3060.6441433661443625 5643.1166384126245248 10513
200000000 307.82114444169781109 9174.6460531821903714 900.79018834909084035 -7910.7032241637525658 3148.7723697911214913 5662.7210427217214601 10516
201000000 308.31542873270979044 9189.3782556366641074 846.97774025660260122 -7862.3418519306787857 3064.8802622589673774 5644.4393299283137821 10502
202000000 306.82839178757478749 9145.0569415035370184 973.42923109697790096 -7744.2183556338313792 3053.928218960236336 5663.7193677705727168 10514
203000000 311.21276519509945047 9275.7337156802441314 868.75416554213188647 -7842.9830913411387883 3092.2315888027769688 5619.5056680804927964 10519
204000000 312.53379039439516873 9315.1070298586928402 786.53047476305630425 -7998.814408693068799 3089.8353440050859717 5695.5095394510390179 10525
205000000 311.33018659808442408 9279.2334746503729548 868.12866074454029786 -7918.6500695860049746 3106.7005294512882756 5680.0782008792566558 10527
206000000 312.72156988475489925 9320.7038200441820663 894.64226710033267409 -7800.1054129237581947 3087.3349574635503814 5607.4127225605388958 10515
207000000 311.07495791661443718 9271.6263532508510252 1029.3570793780922941 -7805.6319642252256017 3113.5353599353225036 5721.4536836679953922 10506
208000000 313.39246887697919419 9340.7000448072940344 914.96812478046672368 -7814.2626874109046184 3090.1782724616332416 5639.0525397297387826 10518
209000000 310.9021828425738363 9266.4767714896315738 718.35150746909971531 -7975.8490434639315936 3088.6641183264587198 5605.5364326065728164 10516
210000000 309.82301786173769642 9234.3121300706079637 912.99734032625110558 -7888.0149692591312487 3132.9411295473178143 5668.0711800380649947 10511
211000000 312.32439360236929815 9308.8659334096701059 961.87974925998992148 -7717.1424439237034676 3046.0291486499550047 5632.9930445337377023 10510
212000000 311.41242190037183946 9281.6845076777881332 966.86959104048628433 -7748.7859107865670012 3110.7409478709828363 5604.9145539560704492 10508
213000000 314.91592082641125216 9386.1067125020035746 848.49989734017788123 -7861.9310420494875871 3078.3074694528550026 5632.1234699368105794 10506
214000000 307.7445036106486782 9172.3617640396332718 886.97957059434986604 -7861.9490100263001295 3109.1895206150129525 5639.7390600056378389 10520
215000000 309.36365316902066525 9220.6207104228396929 1056.5449217178490926 -7789.1935125116324343 3185.3515333800351073 5660.3869008494457375 10504
216000000 307.19552207008825917 9155.9993035156567203 1014.1073527762524691 -7804.2603732253974158 3106.6384224188641383 5711.7293035827860876 10499
217000000 307.05876731205557917 9151.9233115843217092 841.30865504733424132 -7909.7559295260407453 3117.5452713744639368 5633.5193131989108224 10518
218000000 309.61155940347475735 9228.0095854126284394 1048.2311599547476817 -7793.9407494039696758 3069.4794888012297633 5772.6924205574878215 10515
219000000 309.87432764291639842 9235.8414242399048817 994.50884735764248035 -7795.4630784121927718 3105.2714327713015336 5684.7004929985341732 10520
220000000 311.84601388671893574 9294.607768727466464 872.49504849488312175 -7922.5471324319914856 3119.4213388476696309 5675.6208420792054312 10513
221000000 311.13972730860626825 9273.5568127314127196 749.19457381717234057 -7958.0275147244838081 3117.4199523084180328 5589.8021362332374338 10507
222000000 309.55934140394589349 9226.4532216867009993 820.86118890459658815 -7888.3855870145589506 3097.1200555677710327 5612.1267203513834829 10504
223000000 306.43972325696580583 9133.4726294290194346 866.23900699105081458 -7840.6085919890283549 3081.5861411653986579 5625.2614578146803979 10506
224000000 310.66797168222348091 9259.4960798226675251 951.14947918670031868 -7822.0601551774452673 3132.4220049911891692 5640.7876293729568715 10518
225000000 307.47145909417349685 9164.2236395454056037 842.25014053206768949 -7839.6185238564830797 3056.6518618769814566 5625.2168025115697674 10520
226000000 311.35766942863102713 9280.0526037042327516 817.32166384121410374 -7836.4121622670345459 3095.7913892486344594 5557.9424368596155546 10514
227000000 310.45441448531448714 9253.1309820081442012 940.8144040871238758 -7844.175747333041727 3092.2910522507081623 5692.6990991694565309 10499
228000000 311.94979527729998381 9297.7009854953248578 1017.2313813752671194 -7789.1565713661457266 3170.7084096824410153 5635.6795430589718308 10519
229000000 310.72398821233213084 9261.1656592071703926 946.63390271554976607 -7810.1932939642110796 3098.2172595674164768 5658.6099371123436867 10515
230000000 305.64548199499631664 9109.8001735533216561 912.01627522873582166 -8017.6880511000281331 3143.3456241487683656 5786.3587021799958166 10519
231000000 312.912319710474776 9326.3891414305999206 783.90399869421787571 -7942.7844574716264106 3039.922934276196429 5686.765521889647971 10510
232000000 308.23475410229224281 9186.9737386211254488 911.96288356123341146 -7899.567290410390342 3085.0785848235236699 5726.4515891480996288 10512
233000000 311.11895021237501169 9272.9375488914320158 789.65599431861778612 -7826.3018473879956218 3030.0851587844408641 5585.8726829221723165 10506
234000000 308.45580677670886871 9193.5622400398970058 944.10081338964994302 -7937.2934737414370829 3137.9644893178610801 5743.4297978132253775 10503
235000000 313.33751989181780573 9339.062283727716931 1023.6457420096489841 -7816.9009082015727472 3127.8860449255384992 5712.6606052856841416 10505
236000000 309.655560887809429 9229.3210549197592627 1055.2001381480542932 -7725.5688736255360709 3090.1678115256945603 5690.601200247894667 10505
237000000 310.42518576562451926 9252.2598165194012836 980.85514831099385447 -7788.3529732667593635 3091.0003450532926763 5678.2077765244594048 10515
238000000 306.9270180520754252 9147.9965091215508437 944.12864674791524067 -7866.0803474527056096 3178.2181050014633001 5631.9908891991572091 10510
239000000 310.5540888943974096 9256.1017897008860018 926.72734048920324312 -7900.7251627576006285 3139.8814510673410041 5687.5710521794644592 10526
240000000 308.35355288129437668 9190.5145504483043624 1076.2874758924276648 -7735.5390190753932984 3091.4223487832045976 5720.4041461846154561 10504
241000000 306.5469774442887001 9136.669353319426591 1081.2679782034206255 -7734.2625470763932753 3122.8797914262913764 5692.6507338535229792 10510
242000000 310.85765801883360382 9265.1497037888802879 805.17644401117945563 -7887.141918688496844 3003.2717068215242762 5689.0466558781517961 10512
243000000 309.38691406060110012 9221.3140040804901219 920.40917037678354973 -7844.308844238274105 3063.8931469845761058 5700.8248676304810942 10514
244000000 310.08671015388665637 9242.1715103994247329 799.81394859311490109 -7972.1352839620249142 3037.4572900463417682 5734.491942508797365 10520
245000000 309.24776240593661214 9217.166572358159101 925.51505782674507827 -7838.3710522596102237 3067.9866647574417584 5695.8994453289142257 10518
246000000 312.2545762896717747 9306.7850200482898799 928.6801219826659235 -7739.2958520773554483 3033.8911271655165365 5634.0848468945041532 10508
247000000 312.19300210500853154 9304.9497941045901825 858.63757694243668084 -7996.3471381129311339 3133.175911510991682 5721.8088035443761328 10511
248000000 310.69974716620350819 9260.4431519258978369 1079.3536728579304054 -7877.2492120924925985 3115.8943648762360681 5840.7085200741867084 10505
249000000 311.21228021947854359 9275.7192609238154546 1149.9157372318579746 -7802.3092908579037612 3108.6220466134836897 5843.6029814762778187 10519
250000000 311.34368601899461737 9279.6358265063463477 877.68271022425301453 -7877.788009205571143 3036.3611978250128232 5719.1095216048106522 10521
251000000 312.91384043456366726 9326.4344667940858926 939.89118084525580343 -7804.8443347603879374 3024.1571791601149926 5720.5783364455282936 10529
252000000 307.1773218943552024 9155.4568450995539024 1075.4384245725468645 -7737.8606319110385812 3100.3473065652651712 5712.9517499183211839 10519
253000000 311.3478371156202229 9279.7595504381170031 949.65693022422487957 -7748.4990149370678409 3039.4569271009258955 5658.6990180603661429 10514
254000000 312.59769105408946643 9317.0115966691482754 962.16260653388758328 -7836.4434607720577333 3116.4043132836868608 5682.2017540222586831 10522
255000000 309.69600256489468393 9230.526423945746501 1111.3638195685502978 -7818.5585518608622806 3112.326986438332824 5817.5953849910783902 10508
256000000 312.72218904999829192 9320.7222743383699708 939.1105211163101103 -7914.339116844680575 3072.5843211191104274 5780.8653168418804853 10506
257000000 310.26704994558775752 9247.5465594759371015 1027.7808547753320454 -7801.8405189700979463 3104.0828287844447004 5725.538544960985746 10519
258000000 307.12668521451990955 9153.9476127963625913 887.72082843026180399 -7788.4432727525327209 3064.6537512763165978 5611.5103499064771313 10515
259000000 314.98500902552626712 9388.1658945457911614 973.9313881800933359 -7878.0960681432952697 3071.0168859262721526 5781.0105703971166804 10517
260000000 309.68284310838805595 9230.1342047695125075 850.36396486133037342 -7864.0760171901783906 3125.2544022024621881 5589.1855798490469169 10522
261000000 310.11199623905093858 9242.9251651942358876 864.29904415506644 -7922.51383489185082 3111.5414395243333274 5675.2714395225830231 10521
262000000 310.29291015054019454 9248.317325979751331 818.07430183853421113 -8019.2495608659564823 3193.0021499225003936 5644.3217127819907546 10517
263000000 311.33090767115425024 9279.254966319524101 907.64416777594533414 -7891.760525485220569 3116.8900668174592283 5682.5146264437071295 10512
264000000 307.80274384340032157 9174.0976211475663149 918.49026580016789012 -7856.1893086850013788 3121.0200703819264163 5653.6595041032423978 10518
265000000 307.09971992289649734 9153.1439090520525497 1036.8316627216024699 -7765.7543931533855357 3152.4276103068841621 5650.1584455681040708 10513
266000000 310.40644128244406375 9251.7011349546810379 1192.2478329170571669 -7595.9031431724124559 3129.5707918323510057 5658.5801842571190718 10510
267000000 305.99597140863301092 9120.2465524768249452 1034.5644458891861177 -7764.1741223355957118 3077.0070740068140367 5721.7314942179682475 10510
268000000 310.29282118418632308 9248.3146743269244325 854.88362554936963988 -7855.7408928075465155 3042.3445230263791927 5668.2799953305375311 10519
269000000 311.5674614698174878 9286.3054806017935334 893.5732837888801896 -7790.3377626527262692 3062.9344359620354226 5620.9766104795708088 10520
270000000 307.75937625943703324 9172.8050451168764994 839.54244032348776727 -7863.7818889156851583 3085.533764168279049 5617.7905650708944449 10514
271000000 310.02862561252442219 9240.4402936919868807 968.90788540402422768 -7836.9972935643218079 3110.886280376626928 5695.0188985917184255 10513
272000000 311.27216153925769504 9277.5040308270254172 808.43044967874243412 -7885.763210566537964 3091.0867178962394064 5603.1069423490407644 10512
273000000 312.98465357436282375 9328.5450609014205838 1013.9107607166274647 -7785.1932720387994777 3066.5264155614813717 5732.577617193945116 10521
274000000 308.98872386767550324 9209.4458977209778823 834.1078527213463758 -8019.7605036406603176 3099.5425647282881982 5754.3257916337170172 10516
275000000 308.28540932778554406 9188.4835236798753613 872.25991300589498678 -7841.7838623616571567 3100.1431563988612652 5613.9006189686915604 10523
276000000 313.82518062738120079 9353.5970703192742803 816.11059513131453969 -7925.5071049624712032 3054.0535892589527975 5687.564110834832718 10505
277000000 311.96485611961276163 9298.1498757030876732 1048.6128952658818889 -7741.5432442682586043 3076.8527856381269885 5713.3033538960135047 10514
278000000 306.38263873469378495 9131.7712184102583706 980.23300227971594722 -7825.9968930426093721 3067.9701260171841568 5738.259769305140253 10512
279000000 311.12339621482482244 9273.0700625265890267 1021.1240551286186928 -7785.9145417154759343 3130.6192910275021859 5676.419305816592896 10517
280000000 308.59381871743562442 9197.6757024519010884 940.63357283862478653 -7800.6734641627126621 3092.8027506572238963 5648.5042863441130976 10526
281000000 313.49270212951046233 9343.6875088959022833 938.10642482706452938 -7822.415363005807194 3101.1146992658459567 5659.4070885670262214 10521
282000000 311.54333747322232284 9285.5864619958756521 767.04300098663793506 -7963.3854158661024485 3030.4497333649565007 5699.9786834877841102 10509
283000000 312.9336558534008077 9327.0250677242329402 785.53404856023416869 -7891.366621755374581 3132.6191308159650362 5544.2815394996441682 10516
284000000 305.70271190899819658 9111.5059179899944866 1059.8849452990943973 -7800.6698109029384796 3102.4046058247499786 5758.150150377283353 10514
285000000 311.00536372969736476 9269.5520901800628053 855.09596703989143407 -7875.8883114602813293 3108.4562916772406425 5622.5279868229326894 10512
286000000 307.02800032736666935 9151.0062979231697682 1038.6447968326465343 -7812.6883019973811315 3152.5437733632452364 5698.7893254667824294 10513
287000000 310.16404044882898461 9244.4763490958393959 920.37205681227214882 -7840.4071585063347811 3169.1886002121004822 5591.5906151065064478 10516
288000000 312.51021340279186234 9314.4043148020264198 875.27632275611915702 -7864.7208669719384488 3098.0223671267854115 5641.9748226012716259 10517
289000000 308.09588692133689847 9182.834785671746431 874.0386346910845532 -7902.6481841357744997 3101.6756672978331153 5675.0111515290263924 10506
290000000 308.15248571570276681 9184.5217195121276745 959.31273577795650453 -7809.6605809237917128 3055.5570139683081834 5713.4163027334398066 10506
291000000 311.93446835613008261 9297.2441647753767029 922.90591327024083057 -7853.3126546676230646 3092.7859034031871488 5683.4326645346764053 10512
292000000 317.59050809131207416 9465.823106053589072 903.86778599812510038 -7924.8079343983627041 3111.2201705106494956 5717.4555498858380815 10512
293000000 308.26973717431604882 9188.0164132699173933 1001.1099312436230093 -7750.0605692134322453 3122.6856754870314035 5628.4848249700226006 10506
294000000 309.76355107920983301 9232.5397154997881444 941.82967336697993233 -7901.0259306428042692 3104.8784018701617242 5737.9772021396220225 10521
295000000 308.77317165743409078 9203.0213382952988468 974.4577211476823777 -7825.9538775093396907 3146.1155592146383242 5654.2960394423853359 10507
296000000 310.14110865169601539 9243.7928641375856387 726.6746967203910117 -8003.7601228762969185 3082.6848037966947231 5647.7500157999929797 10518
297000000 309.464544996481834 9223.6278034160568495 1025.1881686888102649 -7756.6065185653842491 3103.8058249371360944 5677.9888623170591018 10512
298000000 311.83277686813841001 9294.2132378043352219 1024.7762880014795428 -7727.0893571976075691 3092.1440610323206784 5659.7215841667657514 10502
299000000 306.81910725551171026 9144.7802149141316477 938.14781790803522199 -7851.666831437082692 3043.5440574854960687 5746.2705918596220727 10509
300000000 309.2379780773329685 9216.874949273042148 1014.8267765937309832 -7838.8928959660543114 3102.7206182793020162 5750.9990542804825964 10518
301000000 310.94884279219985501 9267.8674768729615607 820.91206831954127665 -7899.7728764057701483 3095.8148121531403376 5624.8701325721722242 10511
302000000 308.99536308589131295 9209.6437804145480186 843.62335408527326308 -7939.8805758523940312 3063.5157187656595852 5719.9882111720071407 10511
303000000 310.24076180087024568 9246.7630381762046454 785.02537852645696148 -7915.9370169170524605 3047.4828678281528482 5653.4795276153554369 10514
304000000 307.03918165866440404 9151.3395588407929608 908.00512420894051502 -7866.0831132069197338 3052.0431889791793765 5722.0450484366810997 10524
305000000 312.27713123909052229 9307.4572730153158773 893.41806553227843324 -7904.3386170327466971 3107.3078046550263025 5690.4488779099992826 10515
306000000 311.26408763387604495 9277.2633871107609593 864.12026526630802437 -7998.6956730063702707 3044.1365345358303784 5818.679403736848144 10517
307000000 309.96433295005914488 9238.524043192024692 874.20421158768624537 -7868.605239655819787 3093.9375732461476218 5648.8718779973587516 10504
308000000 312.414727785706134 9311.5583545561185019 935.03329673854045723 -7893.08857025594898 3124.6767737968139045 5703.4450931976753054 10510
309000000 308.89168519181572492 9206.5536483724226855 977.00751456014768337 -7859.4176221101442934 3037.5763727261210079 5798.8487639441709689 10526
310000000 313.8505980490328966 9354.3546396138117416 1103.7583345124085099 -7848.0857105122395296 3187.4437264230746223 5764.4003186015743267 10504
311000000 312.45114204425522075 9312.6436858905944973 1013.0148241254289587 -7880.2228709203809558 3143.2449798688194278 5749.9927151769907141 10516
312000000 310.44880955774908671 9252.963926471204104 986.65679254634437712 -7897.5888719883732847 3159.8791913029999705 5724.3664732317174639 10517
313000000 307.92733469838765359 9177.8110664927371545 877.9683461582972086 -7950.2274526513565434 3090.3622515595511686 5737.8335472501021286 10509
314000000 313.21589597751790279 9335.4372684048485098 843.07909818754376374 -7948.3496096985145414 3118.2781011927572763 5673.1506066933006878 10510
315000000 307.55345885976663567 9166.6676523734568036 1079.534171712296029 -7849.1151096526882611 3189.2367996488401332 5739.4124817161446117 10523
316000000 311.75371647672443487 9291.8568333755083586 961.01964361586863106 -7828.0308420618257514 3056.1090821514153504 5732.9414035262789184 10512
317000000 312.41057097267957943 9311.4344602463334013 828.17373528067378174 -7915.7294040266306183 3059.6694812085179365 5684.233658098786691 10519
318000000 314.15276209246030703 9363.3606750941653445 817.69547075515060897 -7945.2591475484550756 3046.3181240955436806 5716.6364942080617766 10502
319000000 308.87112415972706003 9205.9408243500711251 1126.382070491167724 -7755.976480775321761 3103.8494430377272693 5778.509108228761761 10520
320000000 309.47332512652099012 9223.8894962427675637 896.58027055556340201 -7864.3767306720310444 3131.5714900555831264 5629.38551117201132 10517
321000000 314.51438356198275414 9374.1388462757386151 975.18971439404117518 -7754.6952429162965927 3102.2245204327782631 5627.6604368775588227 10519
322000000 309.1141506873324829 9213.1842590931846644 856.61644944328361362 -7897.6745641664219875 3048.7370047710628569 5705.5540088386424031 10515
323000000 306.61819524826188399 9138.7920084909037541 983.94191346938805509 -7855.8206628011112116 3151.7454241965378969 5688.0171520739604603 10515
324000000 311.09668979222891494 9272.2740744046277541 883.20127232026925412 -7796.3471217166479619 3085.0262577856556163 5594.5221362512611449 10513
325000000 307.17630529015002594 9155.4265450895418326 819.44187241537224509 -7900.8905337553451318 3111.1880328870865924 5609.1443732836305571 10521
326000000 312.95082793806136578 9327.536883762866637 1009.0831313357003864 -7858.261679316570735 3115.389496811767458 5751.9553138405035497 10520
327000000 309.27598531258047387 9218.007759468679069 899.41713448496921046 -7955.000538416245945 3144.2884390879839884 5710.1292338132316218 10517
328000000 307.91258213382411668 9177.371364540187642 915.53719025506836715 -7881.1855973114179506 3092.8047736195521793 5703.9180139469344795 10523
329000000 310.31404693537069761 9248.9473103814852948 875.99642917834898981 -7809.1461603000698233 3029.3935583700085772 5655.7490311084102359 10520
330000000 315.76642127829370565 9411.4559802667172335 899.94440041344546444 -7827.2508246369707194 3170.1904677132297365 5557.0047573371866747 10524
331000000 311.34046289674353147 9279.5397609618776187 979.58754814878091111 -7873.4520370074096718 3112.6749006715435826 5740.3646844846480235 10526
332000000 306.68637519426749805 9140.824119942055404 900.44285556924603497 -7877.803957368412739 3100.3346667995460848 5677.9121461381128029 10532
333000000 312.77745745226252438 9322.3695556829279667 923.88554758748352924 -7850.3347580174577161 3054.45826300812314 5719.7620425968179916 10522
334000000 307.85352261154446296 9175.6110884098106908 819.14490509560584997 -7898.4558167322766167 3049.0725099166393193 5668.5282119112425789 10521
335000000 311.66961148052519093 9289.3500738972670661 861.63539115932348977 -7957.9107860264757619 3120.4010813213121764 5699.1450958644873026 10519
336000000 306.1625619235638851 9125.2118027135493321 780.54399247935816675 -7907.5613811237053596 3067.1900283561326432 5620.9153452469308831 10511
337000000 311.26259213093754852 9277.2188134666812402 870.02086438156220538 -7956.0408730391809513 3127.200734563691185 5698.8610028570528812 10512
338000000 313.02843217679730969 9329.8498873868393275 880.53753014191477178 -7928.8513506398367099 3131.9931202344705525 5677.3957605472805881 10502
339000000 306.42597641445871659 9133.0629031427361042 725.20013354388333937 -8013.5531260770276276 3107.2735933061694595 5631.4796663147408253 10531
340000000 311.96294170620546993 9298.0928163823482464 781.13686414910171152 -7947.4007908837975265 3069.2384406458509147 5659.299214387048778 10514
341000000 308.74396681159362288 9202.1508843694973621 755.75380458051131427 -8009.9181376382475719 3087.2322265848642928 5678.4397156338936838 10517
342000000 310.77235585224457282 9262.6072625038814294 833.20730817387345724 -7946.9040571307368737 3108.4533550653559359 5671.6580102392535991 10518
343000000 310.01490943766901864 9240.0314814587345609 810.41651110462191809 -7976.7458632924444828 3151.0816946310865205 5636.0806797659797667 10526
344000000 308.62177324371793929 9198.5088904536205519 850.61610537629553619 -7845.9018326675750359 3092.9455140867157752 5603.5724239571545695 10513
345000000 306.77273030714832203 9143.3979444173073716 865.37785907882994252 -7980.0239251484717897 3150.0986517913133866 5695.3031324359881182 10522
346000000 309.93765200638870283 9237.7288144724861922 907.87645660554653659 -7826.5120658237965472 3158.0629668990350183 5576.3255555303076108 10506
347000000 309.26448284588320803 9217.6649270720372442 730.96632886230440818 -7963.913495719835737 3072.9513944338978035 5621.9284301482430237 10520
348000000 314.37248829390193805 9369.9096408271507244 878.55465475958089883 -7895.0188660693174825 3064.2069666486131609 5709.3665541802856751 10529
349000000 310.94487245696160471 9267.7491405559776467 1078.5176657742927091 -7800.4552647293176051 3173.631445386869018 5705.341485116741751 10518
350000000 311.39738335616158338 9281.2362820676389674 895.89861785831271845 -7888.5223910518934645 3152.5446031980936823 5631.8764057121134101 10512
351000000 312.28383682651571007 9307.6571338511148497 864.10962237549370002 -7835.6457828961529231 3080.7822049050155329 5618.9732003666313176 10523
352000000 308.89239763995624344 9206.5748829745243711 831.2600747918079378 -7804.0510367195274739 3088.0713722812361084 5547.2397392300990759 10506
353000000 312.24013722689221595 9306.3546620539345895 873.99799251283047852 -7889.9707606414785914 3094.9218037086775439 5669.0469494456319808 10508
354000000 308.92706593407416449 9207.6081756301555288 992.50189857607119848 -7734.8053047624562168 3079.780379026627088 5647.5268243118989631 10506
355000000 309.04782522390030408 9211.2074207170971931 998.61499499605577057 -7777.377247578880997 3114.9042346282276412 5661.0880079467096948 10514
356000000 308.51601591502662814 9195.3567806138871674 950.28198439673201392 -7822.6608547162195464 3160.7271817533619469 5612.215657359589386 10525
357000000 312.3770930705295541 9310.4366473657828465 859.03875267836701823 -7893.6804375801111746 3060.4636004063304426 5692.2555898521477502 10509
358000000 308.23215475768654414 9186.8962648440374323 859.50089504551760911 -7858.9638924930568464 3076.05617569244896 5642.4086118461254955 10513
359000000 311.4153917806676759 9281.7730253154713864 1019.3414794144134703 -7814.551455559570968 3109.4145184185890685 5724.4784165553955972 10519
360000000 313.28799211022510462 9337.5861022693698033 996.61944465847500396 -7824.4062159267041352 3142.4238350186119533 5678.6018255665658216 10519
361000000 305.06243052824044071 9092.4222548012621701 880.26998954328587388 -7813.8490757661484167 3043.5615812670494051 5650.5574840423851128 10507
362000000 308.4331915843743559 9192.8881915255551576 806.15145914143727168 -7963.6301100556647725 3102.4299949141068282 5667.3515742829949886 10515
363000000 310.0949393268148242 9242.416781883497606 873.39162259154977619 -7922.419883816737638 3100.1287223795193313 5695.6827840287678555 10516
364000000 312.23551337051219434 9306.2168474610989506 786.7305527882442675 -7922.9068877922654792 3061.3395571987307449 5648.2978833817787745 10509
365000000 313.24238537330666077 9336.2267880168474221 945.50560593894226713 -7887.4602079367032275 3123.6159356690895947 5709.3498782065562409 10513
366000000 308.7076757161507885 9201.0692239261443319 1068.1940289376825604 -7791.3811461082523238 3130.627079474412767 5728.9480955715225718 10513
367000000 309.48869219344140902 9224.3475135116150341 1030.2699329987058263 -7914.0640488664093937 3194.915413774562694 5749.4185680905520712 10510
368000000 305.63425115640893637 9109.4654370650059718 1005.2038219858493449 -7858.484932201708034 3178.7648457376699298 5684.9239084498876764 10516
369000000 312.94018078501335367 9327.2195440919131215 801.46903562403974774 -7913.9287427466824738 3099.1329874461835061 5616.2647909245397386 10521
370000000 312.12375395944241063 9302.8858448376849992 863.90728103178093988 -7873.1946917043132999 3075.5875286342943582 5661.5144441018001089 10514
371000000 309.47374938395608979 9223.9021412864003651 962.21940338151921424 -7914.4464813927224895 3139.0773828849223719 5737.5885018893195593 10509
372000000 310.04680860967283706 9240.9822400983175612 949.88632507814213568 -7828.905682214332046 3067.5942250122216137 5711.1977822802518858 10518
373000000 304.93248316510386076 9088.5491580895832158 863.51670682580083849 -8071.5255581637884461 3115.2775398907115232 5819.764725098877534 10514
374000000 309.69859333949040092 9230.6036422926626983 769.59404369312028393 -7965.9094316976297705 3093.4829741335661311 5642.0205012571832413 10516
375000000 309.62322704481550772 9228.357340859289252 1058.6367287760938325 -7809.0773138526601542 3094.5959317563329023 5773.1181108724204023 10514
376000000 305.80233229446588439 9114.4751155024168838 955.20856767620534811 -7933.3417817035569897 3160.8056123450833184 5727.7447370346781099 10518
377000000 307.4853280462168641 9164.6370053210321203 952.47523737153710499 -7852.4204942975284212 3120.4360394673567498 5684.4596922017090037 10505
378000000 308.99621758333182697 9209.6692488130374841 1070.8304689171957307 -7714.336522660083574 3112.0602765540638757 5673.1067150232156564 10516
379000000 310.1301905462155446 9243.4674486969524878 837.95822258583507391 -7868.1295169840504968 3075.5360520866634033 5630.5516874832210306 10524
380000000 309.92547738327698426 9237.3659483734609239 992.34075568131345335 -7814.6078373488217039 3143.8401619101832694 5663.1084311199510921 10505
381000000 314.59700557907427765 9376.6014053841754503 970.07646703117984543 -7733.9045816465095413 3111.8083747601513096 5592.172673917539214 10512
382000000 312.48542599449712043 9313.6655231309996452 910.89006193574061854 -7807.8165876868324631 3079.9369314797249899 5638.7697181428484328 10520
383000000 312.2477581760032308 9306.5818053543389397 890.51090282000086518 -7902.6878062004543608 3083.3448565478820456 5709.8538524725718162 10519
384000000 317.49389035146771221 9462.943402753355258 902.50636350973650224 -7820.9009352419561765 3020.5818858152597386 5702.825412936434077 10514
385000000 318.18066445613976612 9483.4127871430646337 859.41654444143421188 -7858.4393084503353748 3053.9303462084299099 5663.9255066833393357 10510
386000000 313.28503732541992122 9337.4980345545936871 863.26065234503460033 -7897.6802611891544075 3063.4882548544464953 5697.4526586797419441 10507
387000000 308.4710620615291532 9194.0169256298704568 1054.4678944314043747 -7821.4696166961575727 3195.0708174521264482 5680.8666936754352719 10510
388000000 312.21509169291351782 9305.6081769160009571 1006.8081707396738693 -7728.1970080272167252 3073.480636973253695 5661.5245417936366721 10504
389000000 311.11769281373710783 9272.9000719745308743 905.34266157526121788 -7783.927278024518273 3106.8431213913354441 5582.4268182084433647 10516
390000000 309.23108387775641859 9216.6694668294967414 786.88098433466302595 -8005.8544789581774239 3080.9422383160381287 5711.7932249768027759 10515
391000000 312.03570915444828415 9300.2616588867567771 969.05961604557774081 -7846.9713486659438786 3091.2734359747782946 5724.7575287367435521 10518
392000000 308.83447199112754333 9204.8484020780670107 932.81411271500473958 -7785.3045395314084089 3069.9893967296925439 5648.1292555167201499 10525
393000000 308.68978116339286544 9200.5358746393958427 1094.2744312956410795 -7693.0293584003557044 3107.5539139345860349 5679.7498757614112037 10526
394000000 309.05724668267447441 9211.4882284235136467 1026.1798672369591259 -7837.0667519535891188 3155.3999736858622782 5707.8466455046855117 10512
395000000 307.06476535572016928 9152.1020839936518314 882.47946680659856611 -7882.827576080219842 3091.1008219838577133 5674.2062209029609221 10512
396000000 312.46176419201981389 9312.9602802760819031 877.25886104291089396 -7893.9890510124005232 3091.7030410138322623 5679.5448710414784728 10512
397000000 308.92220360868077478 9207.4632534398333519 1010.270770949100779 -7772.2130633566985125 3060.7001279411497308 5721.7837063646493334 10510
398000000 308.56060543516218786 9196.6857765984441357 967.18356383982347779 -7805.0497169689415387 3110.9238065870699756 5661.3094742216944724 10504
399000000 312.45263682320171483 9312.6882379560047411 1081.5016223956195063 -7749.4845758207620747 3096.7517802303436838 5734.2344179860374425 10509
400000000 312.92350060895586239 9326.7223894480703166 899.07127172561831685 -7841.9967765164929006 3101.6410713214904717 5639.4269769206221099 10515
401000000 313.08330681791608185 9331.485432633326127 1040.7849880084982033 -7767.0377795394779241 3070.9008809209854007 5736.9218866269911814 10512
402000000 309.64704072040603933 9229.067110310523276 1006.8283168481582379 -7755.8031703446649772 3132.0314523340839514 5630.600034858739491 10521
403000000 310.38786890426246146 9251.1475830000508722 871.10122804891761916 -7890.3132861245903769 3048.7582684686190078 5712.656245704889443 10507
404000000 313.67175433100936743 9349.0241811923260684 917.45075818424504632 -7879.6186350105053862 3121.2765030069749628 5675.7928901877749013 10519
405000000 310.19887990760804541 9245.514743334682862 939.53072879749447566 -7852.6622543853372918 3097.4734200839789082 5694.7195630988535413 10514
406000000 312.76240084209030101 9321.9207916146187927 877.53515532668893684 -7800.638381826080149 3060.5452876971676233 5617.62824945560169 10514
407000000 308.9408831061596743 9208.0199980979396059 1065.1985812633729438 -7871.1873928287805029 3138.0287611267840475 5798.3572129653693992 10514
408000000 311.7567538869639634 9291.9473637512455753 1012.4328011032782797 -7832.3800898714780487 3188.5838924931226757 5656.2289984816343349 10516
409000000 310.8568929827596321 9265.1269017971280846 1038.966565811059354 -7758.3407694563211408 3069.3241490517516468 5727.9831862156297575 10520
410000000 309.84615358790722439 9235.0016931582049438 949.68709864340962667 -7842.310933558817851 3086.7519043604070248 5705.2461278418195434 10521
411000000 313.7859343516752233 9352.4273303744721488 829.85844193205639385 -7885.2209772948208411 3067.1327144295373728 5647.9467047973394074 10523
412000000 306.65099809293610633 9139.7697012025892036 735.94410266121872155 -7976.4057878836001692 3154.4805383700640959 5557.8693521747554769 10518
413000000 310.49915360045218904 9254.4644366896463907 908.06620502810255857 -7853.3804270516866382 3092.3228031428316172 5669.1238289369575796 10517
414000000 308.87509877284600179 9206.0592881698030396 937.50243186985676402 -7902.9524171809061954 3075.1646814849855218 5765.290167565777665 10518
415000000 315.51928056821395785 9404.0899218225313234 871.89817510479610974 -7863.7282421968775452 3043.2858297068096363 5692.3405875948637913 10508
416000000 309.1394241478453182 9213.9375376087482437 811.67128179457290571 -7950.5723672734739012 3125.0638385931324592 5637.1798104749141203 10513
417000000 308.01143588517840044 9180.3177124311023363 969.6978014083645121 -7782.9006261110762352 3137.5796083206205367 5615.0188191988199833 10520
418000000 310.3714168437707599 9250.6572273679503269 944.76637847395431891 -7796.1442101443535648 3079.7810156584564538 5661.1295729598532489 10513
419000000 311.99486032319282458 9299.0441545819940075 1061.43399531215141 -7750.2183723399521114 3116.4241011949834501 5695.2282664571193891 10517
420000000 308.52106590076260773 9195.5072960431807587 901.36748655353017057 -7885.6757117247907445 3103.3421122584932164 5683.7010860198279261 10519
421000000 311.19732794690554556 9275.2736066501402092 602.13668662496434081 -8122.1195072583786896 3087.9188453548572397 5636.3373485284855633 10515
422000000 312.01977637397908438 9299.7867804578781943 723.66149980635236716 -8008.8315548793934795 3072.2490056859996912 5660.2440489997461555 10516
423000000 306.88462374367418306 9146.7329416854790907 781.83890065743639752 -7973.962975083188212 3064.4474569908607009 5691.3544187497645908 10518
424000000 311.59731265284347046 9287.1951986847707303 901.87425186286520784 -7954.2825286294155376 3094.6200720133106188 5761.5367084789686487 10514
425000000 309.71758766200758828 9231.1697703487170656 934.29984033388745956 -7834.2705260397406164 3089.442576342682969 5679.127790030945107 10511
426000000 308.35042640655495916 9190.4213654944887821 966.63779568665040642 -7820.2474872234633949 3063.166700764703819 5723.7185821454086181 10512
427000000 306.50734846124640853 9135.4882067366597767 970.91265207834294415 -7827.8753013283649125 3093.9039397246006047 5704.884013682107252 10514
428000000 309.77493869592944975 9232.879124779099584 1007.0183344974358306 -7758.1360229711917782 3067.9681707576996814 5697.1861867109282684 10510
429000000 307.76384385096122287 9172.9382022169811535 1000.4134672670943473 -7796.6717913008760661 3177.209536186664991 5619.875722381304513 10515
430000000 312.72390244294831518 9320.7733422203200462 927.77541272326152466 -7765.550195850698401 3086.5497157406171027 5606.7758928333441872 10515
431000000 310.24012205448747181 9246.7439704586940934 933.47956419241768344 -7792.8744599650190139 3076.6321595508370592 5649.7218646065994108 10515
432000000 313.02260289173540286 9329.6761448478609964 899.30798360538619818 -7892.3595572655976866 3104.2179454360202726 5687.449595434962248 10523
433000000 307.37039044240424346 9161.2112762825217942 1085.935030580268176 -7760.0612873933996525 3158.8557435119228103 5687.1405744617450182 10506
434000000 303.57419989574043484 9048.0653626733492274 898.69551267529254801 -7743.8678595521414536 3028.6762532730454041 5613.8871189543888249 10510
435000000 305.89227205961492473 9117.1557809675705357 1009.3445958001570943 -7783.4207315949261101 3069.3106127859218759 5723.4547146091608738 10515
436000000 306.23135410761409503 9127.2621619928995642 926.55512915257554596 -7856.4805175019400849 3110.0912245714071105 5672.944422083108293 10510
437000000 312.09678976371924364 9302.0821737568130629 999.91125501262422404 -7821.2689902140755294 3139.1221494795158833 5682.0580957471838701 10520
438000000 313.65284834329105479 9348.4606859655250446 1009.4247466515960241 -7866.503203298918379 3096.491843700843674 5779.4361062496709565 10511
439000000 309.69020323059248767 9230.3535740927491133 960.8125916083604352 -7755.6580808404232812 3095.2717105820547658 5621.1989618667294053 10515
440000000 308.68596590656011358 9200.4221604528484022 998.78141820006749185 -7790.4360114014161809 3104.0316119072199399 5685.1858176942623686 10524
441000000 308.13670940990272129 9184.051504829492842 1001.3565910789711779 -7867.7932491790270433 3171.8392906841436343 5697.3105495738545869 10520
442000000 311.69465389040590253 9290.0964659210858372 1117.9835731979296725 -7656.533021075846591 3158.6438771976645512 5615.872717076112167 10526
443000000 309.04664637116269432 9211.1722848701556359 902.72103660638799738 -7861.8400478269677478 3102.9800441738193513 5661.5810402595361666 10523
444000000 312.92310498319113776 9326.7105977747996803 949.83145422038285233 -7784.7622610124344646 3088.2257939803871523 5646.3679212524293689 10516
445000000 313.33787577054187068 9339.0728907356842683 953.66081270577501527 -7892.1476834064560535 3151.4966562863810395 5694.3118398258502566 10520
446000000 304.78745077907353789 9084.2264504650302115 955.58276540758743067 -7789.3975369755926295 3123.0549324666508255 5621.9253699165292346 10505
447000000 311.6992447652288547 9290.2332974946657487 1033.9449035689863194 -7765.0349871234075181 3066.8066741947718583 5732.1732164976219792 10517
448000000 311.96392355459340706 9298.1220804910681181 1102.9327367799451167 -7737.0607323061576608 3135.6610089430309927 5704.3324601430722396 10517
449000000 311.19868561755760084 9275.3140721864256193 1103.7805529418099013 -7680.302555057983227 3167.5804304724179019 5616.5026775273754538 10515
450000000 309.81628460162062311 9234.1114444469149021 806.6348556257501059 -7984.442461555439877 3132.8528743374854457 5658.2244428437043098 10511
451000000 309.61560411458793851 9228.1301385114675213 735.17965720703841725 -8048.0517187342475154 3124.376907663030579 5658.8544682782558084 10519
452000000 318.08601597370085301 9480.5917777955000929 1025.6152263147307622 -7910.9545256732571943 3216.4861841729989465 5720.0835678149887826 10530
453000000 310.79746750470866345 9263.3557183111861377 915.07079651041169654 -7916.3200245069301673 3107.5673219273458017 5723.8234990899964032 10526
454000000 309.53310114144460385 9225.671127522155075 806.71410680739700183 -7929.8533063264740122 3100.9302253383939387 5635.6371877954761658 10519
455000000 310.32610877491828205 9249.3068149528808135 793.38886849181767502 -7890.2819685276654127 3084.3973167666808877 5599.2735202528019727 10521
456000000 313.44501168597923879 9342.2660895183871617 1034.6819081790199562 -7800.9611925832905399 3090.6689444000812728 5744.9741563622301328 10518
457000000 309.10038777283193667 9212.7740537792124087 822.45852330519301177 -7845.8646859245473024 3066.6692595796157548 5601.6539496501245594 10517
458000000 310.06775641399360666 9241.6065919133397983 877.57134255607456907 -7924.8402830830500534 3082.6957873553392346 5719.7158382837851605 10513
459000000 308.08769030862907812 9182.5904846489374904 660.11331812111768613 -7983.4034115365720936 3046.0875677578369505 5597.4291618998531703 10528
460000000 309.39009695780828224 9221.408870712710268 734.03061481118834308 -7981.4618335049872258 3037.6064616159565048 5677.8859867002183819 10527
461000000 309.38389737713657723 9221.2240914687627082 816.42068996890714061 -7885.4135028999753558 3097.0119296666225637 5604.8222632022598191 10522
462000000 311.27859053732424854 9277.6956478838856128 765.09294363789081217 -7919.6601572657837096 3051.986311900972396 5632.7667890027023532 10518
463000000 310.9970437385888431 9269.3041118492546957 940.98184703682898089 -7880.0877005849952184 3094.9414752412112648 5726.1280723806121387 10518
464000000 307.31185715316729556 9159.4666845909669064 741.3876629625718806 -7981.5223478921179776 3014.6510411167810162 5708.2589697379089557 10522
465000000 312.79772619888314011 9322.9736681019203388 1025.3076341303367371 -7863.1415382616996794 3236.5739687697437148 5651.875203622292247 10516
466000000 309.76075091724135291 9232.4562563371673605 920.61671305664958709 -7872.7183946767900125 3110.9541350323452207 5682.3809727010939241 10512
467000000 309.88480290351560598 9236.1536406358463864 1062.7092592147919277 -7785.5202256355587451 3144.2900080150147915 5703.9394768353358813 10515
468000000 307.16565704656977687 9155.1091729151448817 923.28035594800735453 -7830.7497430778257694 3069.4715816585026005 5684.5585173673316604 10512
469000000 306.00165191917824359 9120.4158607735244004 882.79549427234633185 -7768.2677418768344069 3062.5533720678695317 5588.509864081311207 10520
470000000 312.44319559250402563 9312.406840945039221 816.3049613670857525 -7868.3120656139890343 3065.2769711230293979 5619.3400558580451616 10514
471000000 313.79828437060928081 9352.795424166975863 999.98646499758388018 -7774.8238501088799239 3198.2124759080511467 5576.5978391984135669 10524
472000000 304.39515782220672691 9072.5341119320910366 919.61667627958081539 -7827.5704585668117943 3139.115392080165293 5608.0717427662275441 10529
473000000 312.27041338177019725 9307.2570464738237206 835.91835312407283709 -7826.1536965601389966 3040.4013283851427332 5621.6707212990704647 10517
474000000 307.78800772197030255 9173.6584092845787382 1029.5597669056437553 -7782.41141579055693 3146.9288805599449006 5665.0423021362557847 10508
475000000 309.32675500807437174 9219.5209563194966904 721.41063210173626885 -7876.110980201275197 3041.3788999557355055 5556.1427123472767562 10524
476000000 310.956629656799862 9268.0995653043755738 747.02448548787378968 -7845.274462837606734 3044.426701405512631 5547.8722469199683474 10519
477000000 308.11125703811597987 9183.2928938419954648 820.47879816830584332 -8001.6645808598714211 3126.193698026615948 5695.949681001560748 10528
478000000 305.21648037468099801 9097.0137289126414544 930.03172092765566958 -7889.0213063548126229 3098.3235825065094105 5720.7294447759595641 10510
479000000 306.10501305262243932 9123.4965517271175486 969.43076006062847227 -7784.9549559650167794 3076.7980932877590021 5677.5876227378857948 10519
480000000 309.36395372378922275 9220.6296684936896781 1040.8919527970142553 -7747.1531978819057258 3098.0541891947514159 5689.99096148416902 10524
481000000 310.56858263858549662 9256.5337774811669078 846.09071018210408965 -7949.6916295265054941 3079.7992707701087056 5715.983068938501674 10522
482000000 307.94733160367383107 9178.407076648220027 855.07041125086493594 -7931.7867130665581499 3174.9672282077108321 5611.8898961097129359 10512
483000000 310.08566143075279342 9242.1402530808991287 957.41286061597224943 -7819.7041825991091173 3043.7660079351053355 5733.3510352799758039 10510
484000000 308.43659000897162059 9192.9894819774344796 1146.7148148704616233 -7715.5156327631484601 3093.5586392207105746 5768.6718084129006456 10507
485000000 313.17343510853817179 9334.1717171227683139 1255.7352040943649172 -7635.6237966962016799 3162.1042224576622175 5729.2547783329046069 10515
486000000 311.10688066624362591 9272.5778146243810625 1068.1188323398948796 -7796.6021807298347994 3170.9512343593605692 5693.7697787103688825 10507
487000000 312.08479886861067598 9301.7247836929127516 727.78686070467119862 -8012.4099980153314391 3061.3879354431551292 5678.8089232768470538 10509
488000000 306.24307606139768723 9127.6115362284181174 967.22201529088567895 -7823.2722276100448653 3099.282505219696759 5691.2117376812338989 10513
489000000 311.99691495749647174 9299.1053932033337333 900.51483988105132994 -7917.1884394789740327 3147.7556925622511699 5669.9475867977744201 10511
490000000 312.40455553549099932 9311.2551694209396373 867.8910791499182551 -7930.5039492074547525 3138.916823062894764 5659.4782052944783572 10509
491000000 312.09899682724375225 9302.1479555493242515 949.95802011828163813 -7723.7036159987819701 3072.0592729538157073 5601.6023631632488105 10528
492000000 309.01791417127560635 9210.3159182135641458 972.56650415857166081 -7864.8347532554616919 3139.3315647127169541 5698.0696927013159439 10513
493000000 304.42653850949409389 9073.4694170726434095 995.07223309200071526 -7763.0807162079981936 3110.6145128458938416 5647.5384364541041577 10521
494000000 312.7654480045936225 9322.0116126577449904 882.64684715781413615 -7868.408768914263419 3027.3662210411503111 5723.6893950309276988 10511
495000000 310.97088892420129014 9268.524564475965235 781.25767064233593828 -7890.4952990256824705 3042.0504647802281397 5629.7025048877894733 10506
496000000 310.04943909243462485 9241.0606419518753682 979.5834256530181392 -7856.0817661346218301 3129.6994346586120628 5705.9657571290281339 10518
497000000 318.0279392751897376 9478.8607948451790435 902.59506926203914645 -7831.0968433961115807 3124.7760034588668532 5608.9159091992851245 10525
498000000 310.44742089418906517 9252.9225371875891142 916.10963874149888397 -7800.1098194738469829 3149.5034097488351108 5566.7160484665109834 10514
499000000 309.89678430851370194 9236.5107478458685364 1000.3066296647656372 -7772.6307134597718687 3037.8468004094920616 5735.0905427150464675 10516
500000000 307.50629451317621488 9165.2619133782318386 865.15029019280063949 -7936.1950442291381478 3125.5907723174282182 5675.7545621045110238 10517
501000000 310.38947322994357592 9251.1954001189988048 1006.5063512044403069 -7887.7160022557600314 3133.0086757881604171 5761.2136776720399212 10525
502000000 307.57445229269842457 9167.2933641546915169 890.64391914060843192 -7935.0306042905094728 3136.1845513168559592 5689.4899721142619455 10523
503000000 309.51251982751074365 9225.057698996979525 964.95502711758672376 -7900.0973554795027667 3143.3456294047273332 5721.7067531923621573 10517
504000000 313.74739064147865975 9351.2785304787685163 881.02546115461359477 -7873.4996364128255664 3044.220600399243267 5710.3044971681965762 10524
505000000 310.5176705922506244 9255.0163378464967536 1029.027000415393104 -7785.4424143492542498 3133.5189483818735425 5680.9504663827738113 10511
506000000 313.64468314635041679 9348.2173212934176263 937.43583744397369628 -7874.2458548336653621 3106.4434747845707534 5705.2382174930680776 10504
507000000 312.76000038690432348 9321.8492457604916126 865.87618828164931983 -7888.7670988468380529 3105.0499700862692407 5649.5933170422176772 10514
508000000 309.55434364965896066 9226.3042630219988496 929.43079663627099762 -7800.0610303098155782 3089.0268972591202328 5640.4649296869665704 10519
509000000 311.62743345487393754 9288.0929527944463189 1105.5358661210395894 -7791.485334070843237 3118.5579801973758549 5778.4632199945071989 10508
510000000 310.11150921629769073 9242.9106494227835356 1050.7887667656368649 -7739.870164631967782 3046.6230009227469964 5744.0359304748562863 10515
511000000 308.54254638273488354 9196.1475243793611298 1056.0097443927538734 -7713.6217041759555286 3124.7885547155196946 5644.8428938531897074 10506
512000000 311.63451651234834117 9288.304064170240963 933.20587553963969185 -7766.8422081409353268 3036.1342366193266571 5663.9138470612479068 10516
513000000 312.18352551550390217 9304.6673432201532705 952.40646144726338207 -7814.4215299325642263 3108.2862484783236141 5658.5417429015033122 10510
514000000 312.00819194794053146 9299.4415052532604022 810.24537953894218845 -8003.5425558109145641 3083.0941104945277402 5730.6938248553287849 10532
515000000 309.04929797215510234 9211.2513161551032681 823.37452294861463997 -7980.5207492675108369 3124.9312382908192376 5678.9640339253064667 10519
516000000 310.22968767278558744 9246.4329724631788849 994.3257898320143795 -7864.3595893085275748 3127.3868858500773058 5731.298493290463739 10511
517000000 311.66421694237783413 9289.1892890421131597 911.89397278331261987 -7870.26011824732268 3096.2177702293283801 5685.9363208013073745 10503
518000000 310.77470344493417542 9262.6772327849794237 854.07075091404544764 -8002.6643203874828032 3153.0325038217952169 5703.7025674797332613 10516
519000000 309.75097446732462458 9232.1648680772559601 824.87479545132737258 -7982.1646908510920184 3146.8320146205151104 5660.2074716819033711 10525
520000000 308.93151084918883953 9207.7406568571586831 969.41866723676514539 -7808.716563597199638 3109.7506529348929689 5668.3845778990717008 10531
521000000 312.12323563223066003 9302.8703960331004055 1154.2100941354933639 -7718.4750306620171614 3117.0532280775869367 5755.6318967199240433 10512
522000000 308.31154900546835052 9189.2626199018686748 1098.5171450827178887 -7849.5018679641307244 3176.7266191191265534 5771.2923939277225145 10511
523000000 308.66474473607661366 9199.7896609266263113 1036.6990339705535007 -7815.9819199982512146 3096.8886766161990636 5755.7922773526051969 10511
524000000 309.64233456430918068 9228.9268427647766657 1001.9817023207050397 -7814.5823661060185259 3105.9790928665288448 5710.584975560195744 10508
525000000 308.2576987644558244 9187.6576070231567428 1071.2394653711644423 -7769.7690880332884262 3167.8307813932174213 5673.1777720112349925 10508
526000000 314.10516102255485293 9361.9419195082646183 1129.3115155962377685 -7775.391204636490329 3135.8219541680905422 5768.88076606463801 10520
527000000 310.39353625330778641 9251.3164990166715143 984.27250433947153851 -7844.5176771020796878 3067.5227092443656147 5761.26747219718618 10512
528000000 310.35276245010305729 9250.1012309319412452 928.43469498384502003 -7758.6438000431562614 3038.0954096564564679 5648.9830853705443587 10514
529000000 312.09449072053268992 9302.0136504994661664 805.75217036036565332 -7883.6696645143201749 3006.899626044953493 5682.5222088297323353 10506
530000000 314.19878171122707045 9364.7322953395942022 1045.8245605821571189 -7803.6141459745449538 3023.85177073904606 5825.5869358176560127 10498
531000000 310.31636176381687164 9249.0163041203850298 923.40232440034742467 -7932.5804606580395557 3143.8398411840571498 5712.1429438743307401 10508
532000000 307.46931880710036467 9164.1598480330194434 1014.4500658240376652 -7799.171663675660966 3079.4320671694531484 5734.1896623302445732 10505
533000000 309.02860675371005073 9210.6346119128174905 984.54965120142310298 -7821.4044654417903075 3104.4346350910100227 5701.5194815522036151 10508
534000000 312.63237087978285444 9318.0452330247662758 898.64090637329991296 -7780.2161431169697607 2955.6473192529806511 5723.2097302372885679 10518
535000000 307.37958175683831996 9161.4852245093370584 1161.9467049102104284 -7762.7747042103128479 3167.4078972234506182 5757.3135118970731128 10507
536000000 309.45790522121632193 9223.429904119555431 918.21845080773869086 -7845.8674738360878109 3100.4687318349165253 5663.6171928089106586 10503
537000000 309.60902377965044252 9227.9340108410560788 621.87888665672380739 -7918.5655361331519089 3043.6088766255907103 5496.8355461642850059 10508
538000000 307.62692205312640681 9168.8572316443514865 869.13163942185315136 -7948.9571863059782117 3078.0502521375046854 5740.0385735903273599 10515
539000000 310.90700151818185759 9266.6203926928756118 923.86989652947772811 -7868.0713531650617369 3117.1092519717740288 5674.8319977227656636 10509
540000000 310.25396074363840171 9247.1564342451911216 779.92441591026272363 -8007.1129066822695677 3121.1967347112722564 5665.8405878812600349 10506
541000000 308.94311099612770022 9208.0864006250940292 867.25449027667286828 -7889.8493182020683889 3081.2355509488552343 5675.8682575298862503 10523
542000000 311.35516575838647668 9279.9779815129295457 874.63878729539396772 -7871.0486174418674636 3137.0295372727482572 5608.657867464512492 10513
543000000 312.69956264229307408 9320.0478915485618927 797.27923108310073985 -7888.4287687870892114 3015.6283829733706625 5670.0796168968190614 10515
544000000 306.77235910535353014 9143.3868807033832127 920.17586617213908085 -7886.8452704056326183 3093.1247594801716332 5713.8963770976006344 10517
545000000 311.16307201883921607 9274.2526046140337712 815.59538042672443225 -7947.0369713673935621 3078.8188171711949508 5683.8135346229237257 10514
546000000 311.34982132337381699 9279.8186899877018732 945.06647813371023403 -7827.8416184417155819 3124.0663169455610841 5648.8417796298645044 10518
547000000 308.40754603675458156 9192.1238229092341498 990.31268345776106798 -7763.5201569877463044 3094.3758577039693591 5659.4569827415371037 10517
548000000 311.02371140552685347 9270.0989448541931779 1041.0388566476794949 -7834.0048003707161115 3172.3441201355039993 5702.6995368828929713 10511
549000000 310.00807110512619147 9239.8276641388147254 908.99207447595074427 -7883.0716217285862513 3085.1019722947153241 5706.9617239098206483 10502
550000000 309.06940959626018639 9211.8507455187154846 1033.3090810249132119 -7791.2042783640827111 3111.1482826324763664 5713.3650767565195565 10514
551000000 309.04435994167454282 9211.1041375655986485 1062.1552218621473003 -7679.7405601317914261 3089.7737470296001447 5652.1220349643381269 10513
552000000 310.20787499363683537 9245.7828429503933876 913.69033619641311361 -7877.6307608536953921 3116.6434309746155122 5674.6776660754931072 10519
553000000 307.94023454976445464 9178.1955481070053793 1018.7669517060101043 -7866.1390072909725859 3220.4076286316799269 5664.4983303653025359 10521
554000000 309.33990138422171867 9219.9127856340564904 1041.9508166782711669 -7740.0897696608844853 3075.4431073673204082 5706.5974789718356988 10509
555000000 310.05260210493804607 9241.1549159181213327 985.77968278213324993 -7922.4183775772416993 3121.7491763960451863 5786.4488839633295356 10508
556000000 311.62466572627511141 9288.0104603122890694 907.27689379590447061 -7908.7228897090990358 3184.4803604258650012 5631.5194230791385053 10511
557000000 309.08231698923248132 9212.2354519111395348 958.52020486087440077 -7821.1111147290976078 3100.4351104974975897 5679.1962090924744189 10508
558000000 309.64889216647054582 9229.1222928820752713 831.96367634896375876 -7787.603745654989325 3014.8848942813074245 5604.6825277226453181 10509
559000000 309.08987311160018407 9212.4606630427006166 802.80254831177467167 -7960.3004255232190189 3049.1353067278814706 5713.9676671071119927 10516
560000000 309.16200551091247917 9214.6105778377277602 1030.7296187638185074 -7811.4281707131558505 3115.0961635620155903 5727.0616259149592224 10512
561000000 312.21792440506584398 9305.6926062407474092 1074.6298874121296194 -7773.6414064242135282 3154.6487252978158722 5693.6225685385288671 10516
562000000 318.64013538269841774 9497.1073731031974603 995.07608273203004501 -7813.7779364180769335 3093.6426030494831139 5715.2114161006247741 10527
563000000 310.03678107784577378 9240.6833683120185015 926.69083109770940609 -7894.6514737590023287 3095.0676885477178075 5726.2746163089941547 10515
564000000 308.06059788885227135 9181.7829918347997591 871.04820336354612209 -7868.4838352417764327 3144.023964492129835 5595.5080741131923787 10504
565000000 313.42649776636392289 9341.7142799283228669 764.92023551320244223 -7929.5687233795524662 3058.0651395667664474 5636.4238193259889158 10514
566000000 308.78603456231201108 9203.4047187147461955 1058.0586226758239263 -7834.7311604773913132 3153.3702168328250082 5739.419566320388185 10520
567000000 313.2887156025408899 9337.6076660444359732 881.84346331598817414 -7791.9497392461589698 3077.1136218502460906 5596.6795807119005985 10518
568000000 311.04320130292063595 9270.6798435787604831 814.42780812315720596 -7878.5723684376398523 2998.3404404272569082 5694.6597361335398091 10509
569000000 310.56606896362933412 9256.458857098237786 985.09751652520037624 -7887.7757426584112181 3130.7069653400858442 5742.1662938435256365 10515
570000000 306.83460553075695998 9145.2421428628040303 1044.1290733375290074 -7761.2806982801466802 3129.0765299925169529 5676.3332416251587347 10511
571000000 314.18339552568039608 9364.2737082378043851 934.0698856923772837 -7802.558023477491588 3102.7837632455402854 5633.8441459243294958 10515
572000000 308.83157474264498887 9204.7620492402729724 943.99968938853794498 -7832.7727548602624665 3047.5458986057592483 5729.2265456430413906 10511
573000000 307.62162938550903846 9168.6994830525363795 834.77789639996638016 -7873.0097983959440171 3066.8219966358087731 5640.9656981601010557 10511
574000000 310.12760487352124983 9243.3903824128210545 962.56332377125750099 -7833.5612939725588149 3130.025414071724299 5666.099203672092699 10501
575000000 312.99934178376889804 9328.9828447407999192 1000.5500968200324223 -7807.3231362923734196 3075.1181282573497811 5732.7551048550558335 10518
576000000 309.52421619707388345 9225.4063106917474215 982.89936450736888673 -7815.9786769215888853 3112.993704127744877 5685.8843373012132361 10516
577000000 310.27393522564307204 9247.7517760720838851 874.45152834879354486 -7863.0991236089894301 3035.2814289885254766 5702.2692229692574983 10504
578000000 304.65309008166570948 9080.2218137971649412 1016.3812046704398426 -7799.851337535012135 3153.6506188301764269 5662.5819233752745276 10516
579000000 308.70155959951461 9200.8869323377657565 1069.298942540299322 -7697.7774485583177011 3081.8145402174477567 5685.2618508811701759 10513
580000000 309.00145667627060675 9209.8254006051447504 936.44218600581439205 -7783.7673397530943475 3005.367121246845727 5714.8424045120636947 10509
581000000 311.57122727190858313 9286.4177207838474715 894.13668411988487605 -7781.905385546976504 3041.5810435620837779 5634.4610261047773747 10506
582000000 307.63255383017082067 9169.0250874332268722 1046.6190173580580449 -7757.5025206836107827 3142.2506053820216039 5661.8709326596463143 10510
583000000 309.60292213436366637 9227.7521505729782803 947.51594548779075922 -7801.9008028940670556 3152.4180666825559456 5596.998681699302324 10512
584000000 307.13450729272551598 9154.1807507735047693 914.52966133257768888 -7886.9623376037825437 3101.5612205957686456 5699.9307783405911323 10522
585000000 312.64004651168130522 9318.2740061521944881 933.84992791191382366 -7815.6827891056727822 3059.2588731313940116 5690.2738438861924806 10515
586000000 311.86041683141394287 9295.0370502179885079 862.93696513241775392 -7928.5499318261863664 3084.445825960750426 5707.041070997854149 10513
587000000 311.57064301286789032 9286.4003068732108659 824.97679515880781764 -7972.7715056977958739 3130.7270025075831654 5667.0212983490200713 10512
588000000 309.18665845576617812 9215.3453618098010338 892.54550603943505394 -7867.6467776560166385 3110.3639558341137672 5649.8283278613371294 10503
589000000 311.327503653414567 9279.1535091633668344 860.51170425791246998 -7879.737898452915033 3061.6580047550055497 5678.5915979558221807 10517
590000000 308.31587501359507542 9189.391557091865252 957.69993373809290915 -7754.5068520207933034 3118.7773298000875002 5593.4294559587997355 10510
591000000 306.54798471000759719 9136.6993749947378092 1004.3250424367390679 -7764.1528684944187262 3020.7485500054917793 5747.7293609256648779 10505
592000000 312.10046224238567447 9302.1916324230242026 949.14674712646319676 -7892.3473621349330642 3068.5329792959246333 5772.9611299654716277 10523
593000000 306.79768248455735602 9144.1416470515068795 987.52432405299146012 -7729.1382740683575321 3132.9907653963246048 5583.6718327250255243 10513
594000000 308.46328828974765202 9193.785227431480962 869.92652022940183087 -7850.0432380600032047 3078.8574901049155415 5641.1122681844899489 10512
595000000 310.32034447998898941 9249.1350094525860186 1078.9742140853472847 -7671.5212367896956493 3102.4258100302863568 5648.0696408447565773 10505
596000000 313.23655909695770561 9336.0531351529207313 746.22127773247075311 -7933.9196544600526977 3049.928346505211266 5630.21258568731173 10502
597000000 309.39282544290989563 9221.4901935377365589 698.96650050165408175 -8002.250843820335831 3067.0844353828324529 5634.1329089391574598 10508
598000000 309.17669624982585219 9215.0484370693739038 875.6218553196239327 -7773.0186533585938378 3083.887538100562324 5564.7529705776560149 10510
599000000 309.49624853157752113 9224.5727310741785914 756.9758813355035727 -8050.7408919974322998 3119.084899427532946 5688.6318739054022444 10518
600000000 311.39722146498212396 9281.2314568816582323 794.96770910146312872 -7996.9057661923416163 3099.3078688078867344 5692.5656064859176695 10512
