# Steps Temp KinEng PotEng Epair Ebond Eangle Bonds
1000000 309.60086798331485625 9227.6909263551078766 1292.7333462248352589 -7556.6107530870431219 3079.7592324586330506 5769.5848668532462398 10512
2000000 313.468326588564139 9342.9609929804882995 1245.1159722155284726 -7579.0248124323888987 3079.1998401619848664 5744.9409444859329597 10519
3000000 308.97751646705950179 9209.1118598042048689 1278.1004775526207595 -7501.8358701134466173 3052.3556401176556392 5727.5807075484117377 10512
4000000 316.1119953327443568 9421.7558563213606249 1175.6353962791772574 -7522.0542624518548109 3071.2309498457502741 5626.458708885282249 10498
5000000 312.66816946755295703 9319.1122142179847287 1275.5331819931866448 -7492.1159691969496635 3031.2388628751396027 5736.4102883149971603 10509
6000000 308.77543697665748823 9203.0888564058877819 1295.0617673642962018 -7535.4341814784038434 3091.9568730879109353 5738.5390757547902467 10507
7000000 307.38155705248664162 9161.5440984325578029 1357.7501185026267194 -7529.3922825237241341 3160.055942087337371 5727.0864589390130277 10521
8000000 308.30318506289626157 9189.0133315924267663 1247.2518094047436534 -7574.1458848950351239 3106.3102953364614223 5715.0873989633173551 10510
9000000 313.03241677912313889 9329.9686489360774431 1179.46808974789883 -7569.9454646974354546 3087.0641208432034546 5662.3494336021303752 10496
10000000 309.56139958695064252 9226.5145660775015131 1021.3703389448801317 -7647.8683341500682218 3027.5309891152392083 5641.7076839797082357 10511
11000000 312.54680574290063078 9315.4949538787041092 1163.9053841648433263 -7640.8484976876379733 3076.2141938741524427 5728.5396879783293116 10516
12000000 310.05063682645669587 9241.0963405577604135 1112.3334667758601881 -7589.1942230610929983 3090.3076770138768552 5611.2200128230761038 10518
13000000 311.84884471965597186 9294.6921420419766946 1157.5807409908534282 -7700.6604438864887925 3127.2302495341991744 5731.0109353431435011 10520
14000000 312.30428778322209382 9308.2666770635223656 1237.1440139557610109 -7554.8296115872290102 3101.3394303604613924 5690.6341951825297656 10502
15000000 314.18072788099158288 9364.1941987685640925 1365.7331321627934813 -7535.5180575225540451 3172.9353097250859719 5728.315879960262464 10517
16000000 309.83684950472968467 9234.7243838454924116 1286.2632183127807366 -7546.3303113037118237 3063.4414285682560148 5769.152101048237455 10514
17000000 311.46302972062375147 9283.1928798176450073 1294.486495484128227 -7515.123691398955998 3179.9292029897587781 5629.6809838933259016 10504
18000000 311.92326973459012152 9296.9103885200165678 1244.5206184148210014 -7632.7418547879406105 3147.7700493043066672 5729.4924238984558542 10507
19000000 310.48248052693332966 9253.967493737816767 1231.1264601782231694 -7592.0645508779316515 3161.9968267517979257 5661.1941843043568952 10506
20000000 311.58405726265812064 9286.8001201937586302 1218.2655306188889881 -7545.2638276297348057 3082.9058948395904736 5680.6234634090342297 10518
21000000 309.38717595168850494 9221.3218097756944189 1278.7313282611469276 -7614.8905241825523262 3206.4866527168042012 5687.1351997268957348 10505
22000000 314.91621335763721845 9386.1154314302075363 1293.7068729927855202 -7478.8217949716308794 3087.7419341186023303 5684.7867338458145241 10505
23000000 310.83849111348325778 9264.5784318808273383 1249.0796964273129106 -7589.0537547194580839 3148.4245858856002087 5689.7088652611710131 10514
24000000 313.54433276324277813 9345.2263661139604665 1091.0177138730066417 -7654.2132191873215561 3037.1200160352395869 5708.1109170250883835 10508
25000000 309.73911554962046466 9231.8114116156903037 1157.6859544542721778 -7571.5285973429508886 3083.9414467469628107 5645.2731050502598009 10521
26000000 305.27553834058664961 9098.7739586551051616 1280.5627978068982884 -7508.4180455706436987 3086.902965784762273 5702.0778775927792594 10511
27000000 311.06678939168853049 9271.3828893877453083 1248.0645032392412759 -7539.0785657654560055 3122.4523668556194025 5664.6907021490769694 10514
28000000 305.10349522352697704 9093.6461929593078821 1142.487850000871731 -7705.8176906921817135 3129.2262544781715405 5719.0792862148809945 10510
29000000 311.08381092416607316 9271.8902182005440409 1104.1619053171009455 -7644.075569833757072 3043.3046171181445061 5704.9328580327128293 10514
30000000 310.03226350579370774 9240.5487215362973075 1163.5768663796654891 -7597.2517235452596651 3114.3102539914116278 5646.5183359335132991 10515
31000000 308.38179756472680992 9191.356386618612305 1150.5085222670786607 -7707.446557628658411 3068.1347987461890625 5789.8202811495466449 10505
32000000 314.62537722403152429 9377.4470256579279521 1252.8856723882322513 -7676.7205593116823366 3132.4920861384089221 5797.1141455615061204 10515
33000000 309.481450145866404 9224.1316634168415476 1270.1745666004517261 -7647.0039839894216129 3086.6361499834101778 5830.5424006064622517 10513
34000000 308.54455013225401672 9196.2072463736076315 1121.9610978714624707 -7576.0706306940974173 3095.6546693466134457 5602.3770592189466697 10514
35000000 308.66905491873035317 9199.9181264365070092 1194.3822171548745246 -7674.5642372284110024 3121.1235662563913138 5747.8228881268942132 10521
36000000 307.86818349729492184 9176.0480578643637273 1203.1396097795372953 -7694.8973570643793209 3128.0965853246789266 5769.9403815192381444 10514
37000000 308.22977444073478637 9186.8253192123902409 1011.9240324613975872 -7804.754637268892111 3153.6311689447693425 5663.0475007855202421 10517
38000000 307.18082919211082071 9155.5613805289485754 988.98640332677564402 -7740.8550858212256571 3055.855254953577969 5673.98623419442265 10513
39000000 308.63962687653526018 9199.0410201166414481 971.7079673823000121 -7881.3785729631190407 3096.3269660748846945 5756.7595742705334487 10507
40000000 312.79900169954407829 9323.0116845517841284 1075.6649773526446552 -7674.4597010324050643 3059.5535023003430979 5690.5711760847061669 10511
41000000 311.21171577786901707 9275.7024376740864682 1216.0641413376608853 -7565.8577282480137001 3087.8039174818877655 5694.1179521037865925 10504
42000000 311.1350281371481401 9273.4167533636609733 1116.8825103226372448 -7699.1734569585178178 3092.6121733262916678 5723.4437939548633949 10508
43000000 310.77745687691691501 9262.7592991547826387 1030.7367215406179639 -7848.1575491887442695 3248.6487355552339977 5630.2455351741273262 10506
44000000 310.25097108066540841 9247.0673269824474119 853.33091105979156055 -7909.8725108050339259 3071.524155626650554 5691.6792662381758419 10515
45000000 308.04829284946140433 9181.4162386629650427 1260.909157251969873 -7628.6293761453089246 3135.8347047871743598 5753.7038286101042104 10511
46000000 312.70886620351842566 9320.3251853044257587 1068.6673993898721164 -7785.8620936538263777 3143.2839370433362092 5711.2455560003618302 10520
47000000 307.15949640025922918 9154.9255541144921153 1296.2737396368993359 -7608.2834368412713957 3197.8390865808860326 5706.7180898972837895 10508
48000000 306.8131265350515946 9144.6019588249855587 1084.1692629620852131 -7690.9588050218098942 3084.8863735208160506 5690.241694463078602 10512
49000000 308.46168135496543528 9193.7373325479620689 1164.704161316729369 -7662.8132842155882827 3181.9148886743460025 5645.6025568579716492 10511
50000000 312.94451903526805836 9327.3488461599990842 901.70805924427440914 -7781.9006319883810647 3067.3598499154677484 5616.2488413171877255 10510
51000000 313.57991404380385347 9346.28687043980608 1197.4983329160490939 -7632.10653560989158 3129.687050773511146 5699.9178177524299826 10510
52000000 311.2744249036706492 9277.5714906742559833 1148.5602591780148032 -7692.1788014739713617 3187.3397498027688926 5653.3993108492159081 10514
53000000 306.28019856423213696 9128.7179768685891759 1192.9475073250473542 -7676.9978944878621405 3089.9200899195420789 5780.0253118933669612 10501
54000000 313.41333169321120522 9341.3218635421580984 944.84842254002455775 -7764.9866373860986641 3077.8535232692397585 5631.9815366568836907 10520
55000000 309.4943501056904438 9224.5161482633920969 949.59767054763642591 -7806.3620481484476841 3096.5960990926564591 5659.3636196034276509 10514
56000000 312.2387451002390435 9306.3131695524134557 1054.9219295082584722 -7792.5657796546192913 3152.6352053449213599 5694.8525038179568583 10520
57000000 309.70824091422940683 9230.8911894124757964 1151.4483870804397156 -7700.814700261775215 3193.1796738520984036 5659.0834134901160724 10521
58000000 310.64200207855338931 9258.7220526769797289 1003.863064860441682 -7680.7717295372112858 3093.6112229567906979 5591.0235714408627246 10516
59000000 307.96995253839901352 9179.0812963152020529 1065.3332590470574814 -7688.9259374447528899 3115.7183112625425565 5638.5408852292675874 10511
60000000 313.0945928771680542 9331.8218149801596155 1040.6621716256252057 -7659.4507170379283707 3063.0424587203724514 5637.0704299431808977 10510
61000000 310.12669840513228792 9243.363365013992734 1047.2010939453625724 -7748.6333401270794639 3075.8851226791498448 5719.9493113932921915 10521
62000000 311.87887368102724395 9295.5871588298123243 967.0967219629524152 -7781.6140006922423709 3074.861386019456404 5673.8493366357379273 10517
63000000 309.35029553889216913 9220.222584658085907 1041.6964875449361898 -7790.2389536553937432 3108.4313534374396113 5723.5040877628889575 10517
64000000 311.4323259228739289 9282.2777494507754454 1335.7808785825386622 -7591.866336841319935 3134.5483181127847274 5793.0988973110743245 10507
65000000 312.47947366959834881 9313.4881133749568107 1330.0102610991666552 -7516.7754316162827308 3044.7443272285322564 5802.0413654869171296 10508
66000000 310.25558344215630768 9247.2047989687380323 1113.438825873740825 -7651.0036440839576244 3087.7490428254545805 5676.6934271322425047 10516
67000000 310.55719863355022881 9256.1944758485406055 921.0149145694449544 -7870.3171362144175873 3114.0744951429505818 5677.2575556409119599 10511
68000000 311.74760753845600902 9291.6747557392391172 1109.8273592300022301 -7695.3681545030176494 3027.0264168996745866 5778.169096833345975 10521
69000000 311.14971737895456272 9273.8545679738563194 1152.8387689051505731 -7761.7665147726684154 3123.9376052373663697 5790.6676784404535283 10512
70000000 308.79020367251962398 9203.5289795434837288 1101.7444020404773255 -7615.0791116758900898 3071.7072784786992088 5645.1162352376686613 10517
71000000 308.63070883420982682 9198.7752167977323552 1105.9795082653129157 -7706.0510604473765852 3076.9093999657661698 5735.1211687469231038 10524
72000000 312.11413657411560507 9302.5991975169163197 1075.7496419268950376 -7686.4651054109199322 3087.0418197266026255 5675.1729276112127991 10521
73000000 305.0628409591460013 9092.4344877435269154 1093.7764373529178101 -7538.4637650568356548 3033.0926286783223986 5599.1475737314303842 10510
74000000 310.6160240768293761 9257.9477752262901049 1021.1588814746565959 -7751.8848954423219766 3080.1245684084838103 5692.9192085084932842 10519
75000000 313.78291752436359729 9352.3374134753648832 1184.3379300606989091 -7574.6772798700012572 3130.1624403613218419 5628.8527695693783244 10508
76000000 305.14737669760523886 9094.9540855463819753 1079.6505222803300512 -7762.352750322137581 3211.0571658951957943 5630.94610670727252 10514
77000000 306.30694675221883472 9129.5152098130220111 1002.5364047607120028 -7825.1863000745379395 3109.1718551265721544 5718.5508497086775606 10514
78000000 310.98014659990218433 9268.8004906082805974 1044.1883119069500481 -7677.0341511892311246 3077.7827926148370352 5643.4396704813425458 10510
79000000 305.88497765117421068 9116.9383702509276191 1069.8983390495852746 -7740.8538371423946955 3118.4439343540489062 5692.3082418379308365 10508
80000000 311.37082752755725323 9280.4447824176204449 1085.4501607851996141 -7725.365573100986694 3127.4282351617716813 5683.3874987244143995 10517
81000000 309.46527821144945847 9223.649656975925609 1135.2897849828559629 -7745.3804413455309259 3155.7087812991221654 5724.9614450292647234 10498
82000000 310.48876569378529666 9254.154823888111423 892.68243645391203245 -7933.9171377724724152 3057.4931983266278621 5769.1063758997570403 10512
83000000 309.20555481831473799 9215.9085701572657854 869.06893970592250298 -7817.6842107530683279 3084.0845904898942536 5602.66855996909635 10511
84000000 312.24497620033230305 9306.4988882364923484 841.30263411466978596 -7857.3763630075864057 3098.8379174597293968 5599.8410796625266812 10522
85000000 309.37534424337280825 9220.9691642932102695 1011.1405092139955286 -7803.0202444127280614 3128.8769000898173545 5685.2838535369073725 10521
86000000 304.12608963383956961 9064.5145023730492539 1048.5634805388938275 -7803.8548739194538939 3129.600278451309805 5722.8180760070372344 10515
87000000 307.60138078795165484 9168.0959711787854758 1143.1984352237652729 -7780.21145993115897 3149.4693580437142373 5773.9405371112097782 10507
88000000 307.44894119117731179 9163.5524907514372899 967.71302670293550818 -7841.1324427748195376 3147.8712886807343239 5660.9741807970203809 10509
89000000 311.50068446321432702 9284.3151839274505619 1066.5543096898722979 -7779.1795076340367814 3129.4114590284498263 5716.3223582954587982 10512
90000000 306.75162848607470778 9142.7690021145317587 923.75489367173804567 -7801.1178937622134981 3074.7187880797464459 5650.1539993542046432 10516
91000000 309.67003181875963946 9229.7523627487553313 997.54445596785319594 -7729.0621737544215648 3052.7165132650216037 5673.8901164572534981 10513
92000000 308.15176337833935349 9184.5001901605555759 974.17993342375848442 -7750.2179041170456912 3029.9366888220474721 5694.4611487187557941 10509
93000000 307.95232718506434821 9178.5559705494852096 954.19513327319361906 -7841.7715089302773777 3083.736669490276654 5712.2299727131940017 10521
94000000 309.95330656921026957 9238.1954005910774868 1102.9837293966841116 -7775.804910888023187 3130.8848582965979404 5747.9037819881086762 10519
95000000 307.17142511795037763 9155.2810909730233107 1013.4597217445232218 -7892.7833221264036183 3110.591060474907863 5795.6519833960192045 10512
96000000 312.772002064233277 9322.2069571897609421 915.10353108997026084 -7862.5455172219781161 3065.8521065016352622 5711.796941810313001 10513
97000000 310.66204025690814206 9259.3192929812121292 1098.4428308756191655 -7705.9474161596135673 3099.5806662719051019 5704.8095807633280856 10517
98000000 308.12491934642639535 9183.7001005764286674 1104.691402551918145 -7720.6724964435006768 3103.681216046294594 5721.6826829491237731 10514
99000000 310.81230238112686948 9263.7978735784163291 824.47954564246128939 -7830.6755987794649627 3091.1260939287049041 5564.0290504932208933 10518
100000000 310.54102481839163374 9255.7124133518955205 913.13396256504097437 -7884.0054078708526504 3071.9276146639986109 5725.2117557718947864 10515
101000000 311.04837090284422629 9270.8339241232315544 776.81543224019549143 -7888.3473824182956378 3036.4099165255379376 5628.7528981329523958 10512
102000000 309.83592428322049273 9234.6968075076711102 781.45467650245598179 -7828.8451261018653895 3008.5711373644908235 5601.7286652398306614 10512
103000000 308.91207811933526273 9207.1614620179716439 1012.3633787091889644 -7887.098301033935968 3173.4651538973266724 5725.9965258457987147 10516
104000000 311.4706031213577262 9283.4186059329804266 982.75684811983546751 -7770.4269523578677763 3097.2191891614079395 5655.9646113162953043 10522
105000000 310.38296413128375661 9251.0013956543698441 1092.0990799747407891 -7840.9915883483354264 3148.7491875929035814 5784.3414807301724068 10517
106000000 313.65147996193246627 9348.4199011953496665 1008.5461884572705458 -7871.6322910023145596 3130.061097959342078 5750.1173815002421179 10514
107000000 311.38073207028458 9280.7399884990827559 826.6253502891242988 -7915.019285060945549 3022.5194876233854302 5719.1251477266850998 10512
108000000 309.506371157808303 9224.8744371605644119 1071.0900144688725959 -7849.4556685283869228 3105.1221664226986832 5815.4235165745612903 10513
109000000 307.92712277719590475 9177.8047501562523394 974.10680808773111039 -7833.248243736724362 3141.897651049628621 5665.4574007748260556 10513
110000000 311.85697668110452696 9294.9345161262663169 907.43136869241129716 -7869.4235716548664641 3117.185471805502857 5659.6694685417751316 10513
111000000 305.61505074652052372 9108.8931665501859243 1106.2024069923591014 -7707.1893665873885766 3104.2713092136282285 5709.1204643661194496 10514
112000000 314.09755538505544337 9361.7152325722763635 1167.1647708620225785 -7701.1977296942086468 3160.3837049913386181 5707.9787955648935167 10508
113000000 312.70155111670533188 9320.1071582664189918 982.24546495532490553 -7752.1403319176533842 3090.6171101190525405 5643.768686753925067 10515
114000000 305.65201788241944314 9109.9949764602479263 974.50844450890326698 -7892.6038000297503459 3131.8872909669466935 5735.2249535717064646 10512
115000000 309.38756010759630044 9221.3332595885058254 926.19146011829229792 -7797.1102522415512794 3096.3239964423673882 5626.977715917477326 10517
116000000 311.02926453519552297 9270.2644565486225474 944.64075414028445721 -7785.6960399609852175 3059.3407128108578945 5670.9960812904109844 10511
117000000 307.36279890337999632 9160.9850095532729028 800.10810434453378548 -7862.4242343651840201 3027.708014552140412 5634.8243241575764841 10513
118000000 305.82982290636158496 9115.2944764803178259 916.70644298267325212 -7758.2308761750318808 3054.4286011060908095 5620.5087180516129592 10522
119000000 311.12027742388505658 9272.9771065893419291 874.35235275656475551 -7946.6562924717818532 3123.1493906600344417 5697.8592545683131902 10519
120000000 317.37865412530271669 9459.508773239889706 1101.6678403107996473 -7757.0043737911282733 3136.8008080331005658 5721.8714060688271275 10505
121000000 310.77105329367134345 9262.5684395897042123 1003.1772299045017007 -7769.0107532980646283 3090.0705522843054496 5682.1174309182606521 10516
122000000 306.85784188050604371 9145.9347050482338091 996.67504008447463093 -7808.2458087896629877 3208.2251159522020316 5596.6957329219358144 10505
123000000 310.50146060824937422 9254.5331973331667541 1123.3410774379151462 -7716.6429180889399504 3155.177140949999739 5684.8068545768546755 10505
124000000 309.89099642801710388 9236.3382393749161565 940.15254321002771576 -7857.607299393386711 3021.1776274184539943 5776.5822151849606598 10512
125000000 306.40796787591210659 9132.5261564959146199 1019.7325152500882268 -7884.006687446532851 3076.5577185744073176 5827.1814841222139876 10524
126000000 311.76291368816458771 9292.1309573632952379 1006.3654031476224873 -7765.5776846236176425 3054.0105411661452308 5717.9325466050941031 10526
127000000 310.1378528051864123 9243.6958232426750328 870.3955551427818591 -7827.8662207395573205 3066.2234746395370166 5632.0383012428028451 10510
128000000 308.26046031934504299 9187.7399154971608368 1034.0441894887574108 -7808.9203540530033933 3120.4070158821414225 5722.5575276596191543 10521
129000000 313.86145911582980261 9354.6783550096552062 845.98814848479787543 -7952.5382050068619719 3103.4259792633320103 5695.1003742283282918 10513
130000000 312.6921493699908865 9319.8269380803012609 1060.3001179500108719 -7763.7347354436542446 3145.9416632178053987 5678.0931901758594904 10502
131000000 307.69011108793887388 9170.7405883900282788 1027.8181299269799638 -7734.5605639086152223 3094.677191754026353 5667.7015020815688331 10508
132000000 313.01190366602986614 9329.3572531451191026 908.73463766797988228 -7871.6753162570203131 3068.5499662966044525 5711.8599876283951744 10511
133000000 310.83989742108678911 9264.6203470472719346 961.12511917913730031 -7776.6583849851831474 3112.2593727954763381 5625.5241313688438822 10504
134000000 308.59955915165909346 9197.8467967810029222 1108.2587965214333963 -7722.6734662158933133 3148.519021574609269 5682.4132411627169859 10500
135000000 311.60217624061601782 9287.3401585004539811 994.66115807872495225 -7858.437835175967848 3147.0938292073692537 5706.0051640473229781 10516
136000000 310.01596018242355512 9240.0627990319062519 968.76780697468586823 -7894.4789307133660259 3129.4973020352881576 5733.7494356527640775 10516
137000000 310.23566296719820912 9246.6110668283308769 836.04219824315600817 -7938.8123044698113517 3144.5674848520966407 5630.2870178608700371 10514
138000000 310.62209226136650386 9258.1286381927202456 856.73159393106584503 -7787.9999837120412849 3057.1365767059733116 5587.5950009371335909 10513
139000000 311.24046037380111329 9276.5591737962822663 1031.268959757611583 -7745.4069861251618931 3041.6477105535032024 5735.0282353292705011 10517
140000000 306.97719122219154997 9149.4919264620875765 960.47657324886790775 -7809.3422291674596636 3066.4063106989824519 5703.4124917173448921 10523
141000000 312.40619953524708308 9311.3041690304398799 960.85231018635079181 -7813.6392752713318259 3064.8994469935373672 5709.5921384641451368 10517
142000000 311.17938266992865692 9274.7387455219759431 920.78568379455350623 -7878.1357042099471073 3138.2833860565078794 5660.638001947992052 10515
143000000 308.46851601442392621 9193.9410403911624599 1107.0274548627571676 -7782.6126885680614578 3160.1719781089368553 5729.4681653218813153 10516
144000000 312.71210190738884194 9320.4216258455653588 1021.19595774688662 -7846.8971924854104145 3125.7194194744238303 5742.3737307578721811 10511
145000000 307.24302567285172927 9157.4151540817256318 910.50111544506330574 -7885.1580532490588666 3059.0027355377651475 5736.6564331563567976 10530
146000000 310.23591872548001902 9246.6186897345323814 1021.0260806240887632 -7749.1967031289714214 3069.2147015392456524 5701.0080822138152143 10522
147000000 309.97034019704119601 9238.703089907332469 1084.5415854808550193 -7762.27779654805272 3113.0791439210652243 5733.7402381078427425 10526
148000000 313.22876884366547756 9335.8209457211305562 1172.0346300561018325 -7776.3375519490018632 3128.9498213921947354 5819.4223606129089603 10523
149000000 310.56451790887797415 9256.4126277257273614 1025.6251155304864824 -7739.7327544161626065 3073.8059655462593582 5691.5519044003904128 10518
150000000 309.73453093153864302 9231.674766525029554 1063.5919725846697474 -7708.3333924520466098 3079.7277198674637475 5692.1976451692517003 10524
151000000 312.32632570447736953 9308.9235199442537123 1081.4181084198667122 -7795.3446839974276372 3164.3323244311404778 5712.4304679861534169 10522
152000000 308.04487252064853919 9181.314295353318812 1042.9953626689537032 -7777.3366862476832466 3134.0085483334041783 5686.3235005832320894 10513
153000000 308.63384306174691574 9198.868632824609449 1043.3868683810976563 -7745.2861873417796232 3076.2200407075820294 5712.4530150152959322 10517
154000000 311.98485604502468505 9298.7459758737804805 1020.7369592841384929 -7746.8853210990600928 3146.7447745510821733 5620.877505832116185 10511
155000000 307.00366182728407694 9150.2808860151344561 1202.748476723029853 -7731.6089297342732607 3181.4031218148570588 5752.9542846424456002 10506
156000000 307.59426013839208736 9167.8837393663907278 1037.1102991893048966 -7810.4645879732006506 3157.1242552433568562 5690.4506319191477814 10513
157000000 310.27897016460519808 9247.9018430304822687 1096.6632800615741417 -7814.0476034147959581 3183.4621187013108283 5727.2487647750604083 10521
158000000 306.11396834742203055 9123.7634653604782216 1056.0035704549518414 -7760.1860514900199632 3096.9962341428763466 5719.193387802095458 10505
159000000 308.41611442616670047 9192.3792047812130477 1149.5947559333785648 -7775.4454717067019374 3138.8705207893281113 5786.1697068507537551 10512
160000000 308.45125076401490105 9193.4264475362451776 1143.4480225452173272 -7767.669577679217582 3149.2228963755342193 5761.8947038489013721 10514
161000000 307.25485962037299714 9157.7678663040023821 871.81673955635631046 -8007.7064234319068419 3152.2311048686765389 5727.2920581195867271 10516
162000000 315.93853993333078733 9416.5859973809710937 917.8775108285051374 -7882.0783740988154022 3118.8476788183779718 5681.1082061089418858 10515
163000000 301.72711334415777173 8993.0127269257318403 929.26738312269355902 -7886.5812466355182551 3068.8904776425270029 5746.9581521156851522 10512
164000000 311.07544170413677875 9271.6407725958597439 924.18298588971742902 -7769.305995739435275 3100.8791730691818884 5592.6098085599705882 10515
165000000 305.25355247756243671 9098.1186673761803831 973.17950475399743482 -7835.1632315065926377 3166.3460507945264908 5641.9966854660633544 10511
166000000 309.74579683548648745 9232.0105481406098988 982.36909330828450493 -7782.7289041791873387 3146.6602721380754701 5618.4377253493967146 10506
167000000 314.94512675795556333 9386.9771987873391481 981.66469591436225528 -7744.1685358600871041 3091.3418175456909012 5634.4914142287580034 10523
168000000 305.86373658446240142 9116.3052777152388444 939.49215469327839401 -7848.6269622159979917 3133.5912848291500268 5654.5278320801271548 10510
169000000 308.25755145658251877 9187.6532164943619136 908.66353623213171886 -7778.0187212587334216 3054.9924957004923272 5631.6897617903723585 10508
170000000 306.4575974611300353 9134.0053722234970337 775.74154997830987668 -7974.1265533906416749 3094.116990797793278 5655.7511125711580462 10510
171000000 309.13612880248223291 9213.8393194457821664 921.18542538625433735 -7916.279383021558715 3173.7216247046353601 5663.743183703178147 10511
172000000 306.20285949048871998 9126.4128765189580008 811.21865637392875215 -7907.7574268818279961 3036.6157094620712087 5682.3603737936855396 10511
173000000 311.63644026465743764 9288.3614018380667403 864.83335591927732366 -7839.7819651433364925 3060.9110690213333328 5643.704252041280597 10504
174000000 308.78764797398355313 9203.4528066427246813 767.50495920268292593 -7958.2975870785239749 3086.8078571711685072 5638.9946891100389621 10510
175000000 311.43830257779364956 9282.4558843660015555 926.98115607887621081 -7844.4076828268707686 3118.1441864338321466 5653.2446524719143781 10507
176000000 306.07804997215299636 9122.6929138865161804 878.25727250620684572 -7905.5057257529533672 3089.9042091963710845 5693.8587890627904926 10508
177000000 312.35771492500987279 9309.8590794192004978 945.79070400426678589 -7803.9249110372838913 3062.4005527674257792 5687.3150622741250118 10515
178000000 311.93597137022192101 9297.2889622902803239 865.39649386727114688 -7971.0312627341381813 3118.9396704089886043 5717.4880861924211786 10524
179000000 312.2885445321354041 9307.7974475805749535 848.29954409559354644 -7951.7548290078066202 3165.5983932275366897 5634.4559798758637044 10522
180000000 308.15053330860916958 9184.4635277850193233 930.61689589579577842 -7854.7573671505979291 3064.2669048908983314 5721.1073581554956036 10516
181000000 308.38828495787583961 9191.5497441478964902 872.87340194235184754 -7809.1923274228647642 3054.3533844778044113 5627.7123448874126552 10518
182000000 311.77776781704523046 9292.5736864524733392 870.30453238436837182 -7860.8725308874663824 3099.5977330350315242 5631.5793302368037985 10512
183000000 307.48887267689514147 9164.7426534626556531 941.38151696794579948 -7796.5028433776669772 3092.9314905835685749 5644.9528697620444291 10519
184000000 305.60500221045117542 9108.5936687299308687 935.56141649534652061 -7816.4906674037802077 3068.0739161166738995 5683.9781677824530561 10518
185000000 308.33258046211602732 9189.8894649845060485 1069.0801093040993237 -7796.0979311965766101 3085.1077265953804272 5780.0703139052966435 10505
186000000 309.17747902197447729 9215.0717676869535353 993.55419444661697526 -7786.7653307892533121 3063.9320328547551071 5716.3874923811144981 10510
187000000 309.74062718303019892 9231.8564660303945857 1014.267273250227845 -7714.2201340995798091 3088.4444371167496683 5640.0429702330584405 10503
188000000 310.23417625875305248 9246.5667553051789582 1081.1339030023673331 -7732.9054427902592579 3085.2986339131011846 5728.7407118795254064 10499
189000000 311.3737693506626556 9280.5324638073852839 993.61936439332316695 -7821.3184514516160561 3084.2950200774093901 5730.6427957675296057 10512
190000000 310.0301278377915537 9240.4850676958758413 967.03009410437164206 -7762.0837426941452577 3036.4684798098514875 5692.6453569886652986 10516
191000000 313.27089637287951973 9337.0765617715969711 990.41708092461794877 -7832.1773558414843137 3130.5380514313601452 5692.0563853347430268 10513
192000000 305.35872407377740956 9101.2533193893505086 894.63169461535790106 -7972.534311095791054 3128.3027780768143202 5738.86322763433418 10507
193000000 308.82798555384346173 9204.6550730384533381 816.17449717646934459 -7909.7574934803778888 3041.8635478462279025 5684.0684428106187625 10512
194000000 311.21756664615276122 9275.8768235035731777 1016.8111958713810736 -7843.3442849921011657 3120.1168606943706436 5740.0386201691107999 10523
195000000 316.77986715347628888 9441.6618558758200379 861.73078385209385033 -7866.5893049906699162 3083.9987933367892765 5644.3212955059743763 10502
196000000 305.33256716642000583 9100.4737096348453633 1058.1707623651459471 -7764.8382347289370955 3116.4350549271221098 5706.5739421669613876 10511
197000000 309.7116223198962075 9230.9919726130956406 1034.5714871548548217 -7755.2091840155171667 3097.1097892503230469 5692.6708819200484868 10517
198000000 310.08433612144642666 9242.1007520783950895 1091.7864420506377883 -7785.5539272754340345 3156.3267496285684501 5721.0136196975036 10513
199000000 307.80598613681155484 9174.1942580907580123 797.05304298870441926 -7832.4753430103455685 2988.0000594477228333 5641.5283265513271544 10517
200000000 309.81664683123022996 9234.122240743785369 971.82168790816967885 -7797.586099347579875 3042.6049191637439435 5726.8028680920051556 10512
201000000 310.9676103764741697 9268.4268469685484888 804.75276677230544919 -7961.6835569780905644 3084.3025669224061858 5682.1337568279896004 10510
202000000 308.24008681608609095 9187.1326807940240542 776.57908677030741273 -7842.881096592132053 3040.8820657793767168 5578.5781175830616121 10517
203000000 312.33889729598183749 9309.2982177337380563 934.27990979935350424 -7729.4594616397944264 3068.0074059188691535 5595.7319655202791182 10507
204000000 306.98596611789264443 9149.7534632787246665 1012.4645988622852428 -7795.3834996105015307 3110.2996140656832722 5697.5484844071033876 10499
205000000 309.74918720919538373 9232.1115986347977014 855.18705259410421604 -7969.3830510890529695 3138.3100724656487728 5686.2600312175090949 10523
206000000 310.82764251576799097 9264.2550881274546555 731.60923667659255898 -7889.5879524579322606 3014.2547602967879357 5606.9424288377367702 10523
207000000 311.65474363331787799 9288.9069359317218186 921.94620592874332488 -7867.6421491711516865 3084.5942250606531161 5704.9941300392401899 10521
208000000 313.04145994375630835 9330.2381815403441578 897.71011161858564265 -7896.708736130149191 3166.5985046694268021 5627.8203430793073494 10517
209000000 310.44373283006933661 9252.81261399507639 837.8435124074195528 -7904.9869135921744601 3111.4805895155109283 5631.3498364840834256 10514
210000000 314.24355964464075441 9366.0669070044586988 647.0174115748393433 -8067.2349627933826923 3051.3343987495063629 5662.9179756187149906 10509
211000000 311.51468089709459264 9284.7323493144849635 859.19846988714539293 -7959.1581761571160314 3115.2907916398671659 5703.0658544043944858 10527
212000000 310.84917946056589244 9264.8969993449118192 963.47860898076817193 -7824.2912446191057825 3015.2392935465868504 5772.530560053287445 10510
213000000 304.27089888781614491 9068.8305595200345124 850.04298097100308951 -7887.5121265879297425 3071.9341929830138724 5665.6209145759185049 10512
214000000 309.3231099587937365 9219.4123151894109469 938.27904690722414216 -7838.2571052127914299 3088.4978452995110274 5688.0383068205037489 10525
215000000 308.61663199439709615 9198.355654902257811 966.49576213617729081 -7863.9677298914875792 3108.0149516345009033 5722.4485403931639667 10516
216000000 308.05721920629241595 9181.6822897967085737 906.32734221135910957 -7868.8454675406601382 3081.028055862756446 5694.1447538892634839 10523
217000000 306.31813084606187658 9129.8485530686375569 856.76002628911487591 -7873.7169879932935146 3033.4009924764495736 5697.0760218059585895 10507
218000000 309.32776209704576331 9219.55097272682724 880.243392704269354 -7827.0198263383435915 3034.8204823183996268 5672.4427367242133187 10520
219000000 309.43239646075988958 9222.6696124610080005 956.6698658299676481 -7848.9241953882619782 3131.6568086889074038 5673.9372525293219951 10509
220000000 310.03232455431475501 9240.5505410947753262 1026.8915905756398388 -7803.2138762254508038 3151.1297127455777627 5678.9757540555128799 10514
221000000 308.04797326312444739 9181.4067133539410861 905.28895815156090521 -7862.8126187886700791 3081.4068535372907718 5686.6947234029403262 10517
222000000 314.27046467429568111 9366.8688146335844067 937.23720105615461762 -7837.0146080224676552 3135.5308635653564124 5638.7209455132651783 10533
223000000 307.01447507575306872 9150.6031761799895321 890.83529749108447504 -7847.5787548126972979 3106.2877116022432347 5632.1263407015385383 10511
224000000 310.54414012858563865 9255.8052655450992461 858.15674998011536445 -7868.8598237771966524 3042.4369173220725315 5684.5796564352403948 10513
225000000 308.94548775171972466 9208.1572401099874696 941.84892832914226801 -7822.6440356480170522 3082.8780085473235886 5681.6149554298363 10510
226000000 309.93751926233801441 9237.724858020166721 978.8613914970839005 -7870.74949223256408 3156.2613579595963529 5693.349525770051514 10514
227000000 309.41485465810717415 9222.1467769333667093 865.04409657780456655 -7822.9215752335994694 3061.2206192922062655 5626.7450525191979978 10520
228000000 308.60244533816825196 9197.9328199153569585 900.46941794737711007 -7872.4573013392619032 3170.9349981369305169 5601.99172114970861 10518
229000000 313.31838095362064678 9338.4918453840127768 777.22282097383117616 -7973.9795626136801729 3071.4675336522441285 5679.7348499352665385 10516
230000000 308.95498158059575644 9208.4402048159536207 759.8158704263648815 -7861.9165350603998377 3050.5724692376352323 5571.1599362491288048 10512
231000000 310.13902230134965521 9243.730680215798202 972.70192919162195722 -7862.7688440122637985 3155.644107667829303 5679.8266655360575896 10515
232000000 312.13920382133255771 9303.3463298205151659 915.40361177063130071 -7813.796085423346085 3044.178314727398174 5685.0213824665788707 10504
233000000 310.60724718358648033 9257.6861788726782834 974.73578291783110217 -7731.6478546877515328 3089.495719593305239 5616.8879180122776233 10514
234000000 310.20235884682972483 9245.6184335345787986 831.94992704798710292 -7896.9746149432394304 3023.2168055444171841 5705.7077364468086671 10503
235000000 312.15510918505435711 9303.8203910899555922 900.55057529778798653 -7781.909120079528293 3063.9334662218589074 5618.5262291554572585 10521
236000000 310.68765483490756196 9260.0827385442917148 960.61431544533002125 -7748.9165361235454839 3059.4613311959396924 5650.0695203729355853 10530
237000000 309.45546571494566024 9223.3571943431725231 780.38326384777531075 -7898.3421252088892288 3049.0294088337600442 5629.6959802229048364 10527
238000000 309.64245576967158513 9228.9304553051097173 758.54604741406046742 -7973.5606134338067932 3135.04027174026578 5597.0663891076019354 10521
239000000 307.86333904189842769 9175.9036682914393168 769.53011658890807212 -7998.2626890896826808 3068.3692041242202322 5699.4236015543701797 10518
240000000 309.60169636362661549 9227.7156163294475846 970.50329538617324943 -7926.7973965479304752 3176.8634294019070694 5720.4372625321975647 10503
241000000 307.81192185608307454 9174.3711729140923126 982.39410543612621041 -7918.8427228102500521 3167.059736085863733 5734.1770921605129843 10514
242000000 315.27669305503695796 9396.8595719570039364 795.42442016049631093 -7909.6050685580939899 3076.2822015561469016 5628.7472871624431718 10529
243000000 309.92585632910288496 9237.3772428991578636 978.18011773980470025 -7937.8460403899016455 3135.8483839248619915 5780.1777742048434447 10511
244000000 309.31000126766900848 9219.0216090814592462 831.58216095487193797 -7942.9493363127567136 3067.5117932930616007 5707.0197039745671646 10513
245000000 310.11013592262605698 9242.8697182405321655 955.42566166159690511 -7929.6288597025322815 3100.3946340245333886 5784.6598873395951159 10520
246000000 306.25522351809337351 9127.9735926291614305 898.0890068279497882 -7826.8340995554408437 3050.6036245862878786 5674.3194817971016164 10506
247000000 311.90552834978848296 9296.3816044225368387 920.98892915779163104 -7910.5501486133653088 3158.4842176286351787 5673.0548601425216475 10514
248000000 306.85108306478269924 9145.7332577366378246 859.54986105833586407 -7957.5286290129115514 3086.9961340116406063 5730.0823560596072639 10511
249000000 313.19044795717570651 9334.6787871126780374 990.72530856842058711 -7796.4782544096560741 3148.7786241979260922 5638.4249387801501143 10506
250000000 306.90033475820985132 9147.2012103541655961 882.92285199789580474 -7878.1489617617125987 3069.564540229072918 5691.5072735305348033 10523
251000000 312.70098070300224435 9320.0901570177265967 754.08974921079584419 -8005.8039083049025066 3027.6946237035986087 5732.1990338120995148 10524
252000000 309.47939410209198741 9224.0703827860561432 888.86979908835928654 -7796.6604765374968338 3069.3357395203497617 5616.1945361055068133 10513
253000000 305.71919749658650289 9111.997272901222459 663.51796413969680088 -7989.7766865267713001 3029.7393992175020685 5623.5552514489654641 10521
254000000 311.56266856626893968 9286.1626275378675928 1044.7210464610816416 -7876.7763865183005692 3183.3770068227277079 5738.1204261566545028 10527
255000000 315.84987395669412535 9413.9432973348884843 873.60661739553290772 -7925.9727100107993465 3123.3308353359389002 5676.2484920703927855 10515
256000000 311.11126495604673892 9272.7084889067191398 891.25682261962560915 -7802.4546833517060804 3093.0881439325048632 5600.623362038826599 10519
257000000 307.21966212480469949 9156.7188007358017785 998.51382869204644521 -7736.8022239374322453 3129.4389453838939517 5605.8771072455856483 10503
258000000 316.11291158890310271 9421.7831654458386765 983.42463466551646434 -7815.3443211335352316 3097.9550275921528737 5700.8139282068987086 10515
259000000 310.42237471261466908 9252.176032747987847 922.79008757659835283 -7826.4920412812662107 3030.4494222008042925 5718.8327066570600437 10518
260000000 311.0647148722139832 9271.3210580865070369 683.17954585516463339 -8100.4267219935491084 3060.3407107967659613 5723.2655570519473258 10526
261000000 306.64013159287100052 9139.4458238675379107 623.5159751717395693 -7970.1802143158511171 3041.3306249740862768 5552.3655645135040686 10521
262000000 312.17270214121475647 9304.3447512540151365 684.94080129520489209 -8016.2821546837749338 3032.2250933248828915 5668.9978626540960249 10516
263000000 308.9566163424391334 9208.4889290883602371 704.32737445744385241 -7963.5441634203180001 3024.9992858850391713 5642.8722519927232497 10507
264000000 310.82798275803696697 9264.2652290890055156 870.83646497155746147 -7829.5102607447406626 3026.8370461609588347 5673.5096795553399716 10511
265000000 310.31671628506251182 9249.0268706685437792 881.59821118430591014 -7821.6386770999124565 3095.4558779293483894 5607.7810103548708867 10528
266000000 312.0394594986245238 9300.3734383438077202 867.5270812356272927 -7863.4234019134037226 3093.9477867158866502 5637.0026964331455019 10510
267000000 312.87477978618585439 9325.2702594940165 944.97785180567802854 -7745.3504520465194219 3106.8268644969139132 5583.5014393552828551 10512
268000000 309.79524095322517496 9233.4842359877748095 894.22166825706813142 -7818.5474617755317013 3061.9212333600844431 5650.8478966725151622 10518
269000000 307.73749752650797973 9172.1529468632616044 763.26960537792649575 -7865.6412350832833908 3078.7828031329217993 5550.1280373282879737 10521
270000000 308.36519732762553758 9190.861614564928459 936.96694630496324407 -7948.8319152650547039 3167.7692930961520688 5718.0295684738657656 10519
271000000 311.19624331239572257 9275.241278988756676 904.68229362906231472 -7852.5522033211664166 3079.1809524569371206 5678.0535444932920655 10511
272000000 312.86064867279554846 9324.8490799680675991 880.20759903596126605 -7990.7053341691089372 3170.354484503131971 5700.5584487019377775 10514
273000000 308.63597428769918452 9198.9321542692032381 1002.5945331548455215 -7800.8214242275107608 3127.2558322153081463 5676.1601251670481361 10520
274000000 310.05085850135498049 9241.1029476046351192 941.98983931833959105 -7954.9555697565137962 3116.7807104258445179 5780.1646986490104609 10516
275000000 310.48235930170284291 9253.963880605313534 820.38417370030174425 -7964.5157245706614049 3104.2908620329353653 5680.6090362380291481 10520
276000000 312.16429402782608804 9304.0941464281004301 932.89168649843998082 -7804.0406880796790574 3061.9352272898549927 5674.9971472882634771 10523
277000000 306.31141960583016726 9129.6485237502638483 964.56548636312675171 -7823.1182265673123766 3070.6516898610252611 5717.0320230694142083 10508
278000000 315.74438900284661713 9410.799305659975289 1069.3297984591249588 -7702.3317767394364637 3046.968380880285622 5724.6931943182762552 10524
279000000 310.96798040001755226 9268.4378755645484489 868.06798006214467023 -7762.8931088810368237 3023.8734526277994519 5607.0876363153820421 10532
280000000 314.36252729413365614 9369.6127520368263504 843.93648514106121183 -7849.2236646372793984 3031.7952981346388697 5661.3648516437015132 10518
281000000 308.66839778951992912 9199.8985406217379932 1087.5129581562266594 -7768.5264187098437105 3144.6434744840707936 5711.3959023820007133 10528
282000000 308.49779450083116217 9194.8136891828708031 929.272772203774025 -7839.2964819806211381 3112.8251250524272109 5655.7441291319682932 10510
283000000 310.5310935738678495 9255.416411420193981 982.87424365207448318 -7745.5936514548975538 3072.5119200594936046 5655.9559750474791144 10501
284000000 312.61162967058459117 9317.4270388020977407 1034.4838815339646771 -7787.6229239417780263 3092.532226480062036 5729.5745789956799854 10513
285000000 304.69967672141712001 9081.6103341709076631 842.55142307804362645 -7855.2420805854353603 3080.5352567326776807 5617.2582469308017608 10517
286000000 307.50345692195105585 9165.1773386321347061 1005.8897698243740706 -7744.0160675843599165 3126.1134853131538875 5623.7923520955800996 10516
287000000 307.26146627293650226 9157.9647783744057961 803.8938680058324735 -7821.2780101227199339 3078.4586125289324627 5546.7132655996192625 10512
288000000 309.97513980837783265 9238.8461428976861498 908.45826364197091607 -7891.5100546734993259 3147.3501950331337866 5652.6181232823373648 10515
289000000 311.52577049900878592 9285.0628762268515857 858.52187940973976765 -7877.302070435416681 3073.0395679218031546 5662.7843819233530667 10521
290000000 310.30534922364989825 9248.6880740426167904 798.54984217058222384 -7845.3718929513288458 3055.68149483192974 5588.240240289981557 10512
291000000 315.33245075565366733 9398.5214368975211983 926.18975214448460065 -7856.2221924285058776 3127.4908222497351744 5654.9211223232550765 10516
292000000 311.36111649001486512 9280.1553437813563505 798.49989826718228869 -7941.9736261425341581 3090.4179952251934083 5650.0555291845230386 10514
293000000 307.998631492547986 9179.936075976194843 952.86535598115710854 -7801.4334172616236174 3132.4817637837400071 5621.8170094590404915 10515
294000000 307.99849465661304748 9179.9319975647758838 865.04455673173515606 -7891.4824353338744913 3029.8289012467757857 5726.6980908188343165 10519
295000000 314.28856592943276382 9367.4083247094840772 873.65433862737677373 -7879.9915406979835097 3094.6026520178820647 5659.0432273074784462 10510
296000000 309.65163290098666948 9229.2039808023655496 887.88287339359590078 -7805.7671743622449867 3061.52856378364595 5632.1214839721942553 10508
297000000 310.34339819768808866 9249.8221282679060096 977.09504593283077156 -7832.7199117165819189 3164.9485928558951855 5644.8663647935172776 10522
298000000 308.45129245856020361 9193.4276902471574431 1050.1657110551727783 -7809.110659472829866 3168.9124710309288275 5690.3638994970742715 10517
299000000 306.34383362125561234 9130.614627359651422 911.64107580906261319 -7780.7144799997831797 3026.2290559053972174 5666.1264999034483481 10502
300000000 314.91890837774872125 9386.1957568271973287 971.85571388233006473 -7955.7946831283570646 3080.0105016439083556 5847.6398953667776368 10506
301000000 309.75702783487781744 9232.3452894217061839 938.74974336867649072 -7877.876791421354028 3165.483950326483864 5651.1425844635477915 10511
302000000 307.82773401963021342 9174.8424563411717827 982.291572433858164 -7828.8951253455579717 3055.4917361323268779 5755.6949616470901674 10515
303000000 313.59991712170636902 9346.8830645708585507 1021.6313936932465367 -7807.0419680528957542 3114.5356282423304037 5714.137733503812342 10516
304000000 306.89001184348433071 9146.8935346452217345 906.44093543216649778 -7906.0823550677923777 3105.2088944046458892 5707.3143960953129863 10515
305000000 308.51901158426039729 9195.4460668939500465 741.56611414943472482 -7953.5456379834449763 3083.2063308388678706 5611.9054212940118305 10519
306000000 309.49627961733699522 9224.5736575889604865 904.60597316626649445 -7928.0156323082883318 3133.2803502006509007 5699.3412552739036983 10526
307000000 311.86517240606212908 9295.1787906895733613 849.68980485131919522 -7891.5735183136694104 3073.9440152521210621 5667.3193079128668614 10513
308000000 307.62467454321875948 9168.7902443425482488 802.53014289823249783 -7921.1548750609545095 3079.619580028418568 5644.0654379307688941 10523
309000000 310.64989322321184773 9258.9572491880153393 846.42991698228456698 -8017.7982282077937271 3122.7051264486835862 5741.5230187413944805 10522
310000000 312.06549233424834711 9301.1493501254444709 911.45228349156684544 -7850.9160185101536626 3086.5955606873908437 5675.7727413143293234 10516
311000000 311.21989071786441627 9275.9460927391064615 914.23670718012931502 -7864.3108264169732138 3146.7327239303649549 5631.8148096667373466 10518
312000000 312.00417165077141135 9299.3216798149460374 767.82537267962618444 -8022.2450241362967063 3127.6603082595465821 5662.4100885563766496 10508
313000000 308.0886339641979248 9182.6186104161133699 745.58829385255899069 -8047.2564999783098756 3151.6338791528933143 5641.2109146779757793 10519
314000000 310.94461527890570096 9267.7414753332395776 958.35473808153426489 -7858.3427142577193081 3137.4029313470678062 5679.2945209921854257 10508
315000000 309.4851597050741816 9224.2422272730254917 701.39762305173826462 -7974.8788946838885749 3070.7363990662151991 5605.5401186694116404 10512
316000000 311.63783451759803711 9288.4029577138408058 886.355436416407656 -7885.1218741987013345 3127.9497374616908019 5643.5275731534175065 10520
317000000 308.9970843034386121 9209.6950815095569851 840.35460159179694983 -7861.2189294895479179 3084.9483781286317026 5616.6251529527125967 10512
318000000 315.34949539863180235 9399.0294545215565449 942.30040390318845311 -7864.966093111615919 3084.2086821585216967 5723.057814856281766 10509
319000000 312.89252403817090453 9325.799129048240502 847.80876860684406893 -7955.1172312017333752 3117.2849890842749119 5685.6410107243027596 10524
320000000 309.2190707212361076 9216.3114132615555718 766.69405935947361286 -7946.058894899146253 3040.7160832385707181 5672.0368710200500573 10527
321000000 311.07675800013117851 9271.6800049555204168 928.82300317172473569 -7849.2454261909470006 3139.031949406849435 5639.0364799558219602 10512
322000000 308.16195298239824751 9184.8038925291239138 1035.1479000288636598 -7788.1382064640883982 3129.5826834491781483 5693.7034230437739097 10505
323000000 307.60794556954476775 9168.2916352799056767 1017.9942704364566453 -7744.2643037030738924 3096.3612503217091216 5665.8973238178223255 10506
324000000 310.71958207224150783 9261.0343336743990221 1117.0429534572758712 -7614.6497241840170318 3038.2524580978124504 5693.4402195434804526 10512
325000000 308.66029365083880975 9199.6569957983647328 882.48449704136100991 -7914.945999222575665 3103.7700932153256872 5693.660403048610533 10516
326000000 310.37365783780666106 9250.7240204634144902 937.4648547940358867 -7834.2424910898453163 3070.3465138370561363 5701.3608320468247257 10524
327000000 313.49150983464176079 9343.6519724046338524 1124.137670803679157 -7769.0324596042783014 3134.8766827589834065 5758.2934476489754161 10509
328000000 309.89412624533179041 9236.4315239545885561 872.33602332035638938 -7919.3630775822275609 3127.7810724001869858 5663.9180285023967372 10518
329000000 311.06494347156882441 9271.3278715176384139 952.52420163006036091 -7846.548937455469968 3155.8718323593138848 5643.2013067262159893 10520
330000000 312.54352399029045273 9315.3971408493653144 924.71706807484315505 -7950.1002254952345538 3139.6298041310228655 5735.1874894390557529 10518
331000000 310.36758122401448645 9250.5429062620296463 952.40808647970379752 -7792.7525422589760637 3101.1675509198889813 5643.99307781879088 10511
332000000 309.84085945190042821 9234.8439008008663222 1026.8427373993195033 -7787.3560624396359344 3138.4008283270804895 5675.7979715118754029 10506
333000000 309.86577959969105223 9235.5866487884577509 1055.3432077687368746 -7749.8189071281221914 3122.9049508139960381 5682.2571640828628006 10515
334000000 308.69764117845869578 9200.7701433291986177 990.02795139143529468 -7744.2840698653762956 3062.6876543410053273 5671.6243669158066041 10511
335000000 311.11667176189911288 9272.8696394022899767 1184.1847253649707454 -7731.1743127594145335 3148.5045466376404875 5766.8544914867443367 10500
336000000 310.34474260905619758 9249.8621986096441105 1111.9378997777644145 -7766.0329286960495665 3135.1427345750580571 5742.8280938987554691 10516
337000000 307.748643831477807 9172.4851638169875514 964.05509241138793186 -7897.4593255682975723 3105.8393390678629657 5755.6750789118232206 10512
338000000 308.07795614087365266 9182.3003566139050236 943.38149300160409894 -7779.8167894282923953 3040.4492651411064799 5682.7490172887901281 10510
339000000 304.91070316332110224 9087.9000025296008971 1114.3589590888420844 -7798.8187796987522233 3074.9370776190407923 5838.2406611685537428 10520
340000000 304.93826367065429395 9088.7214467493813572 940.4266682018856045 -7835.5515367320076621 3075.3979119062159953 5700.5802930276777261 10514
341000000 310.33205063373702615 9249.4839127661543898 980.74691479115585935 -7865.2742560698561647 3151.1905155242357068 5694.8306553367765446 10503
342000000 308.2153736777373183 9186.3961027476252639 969.53021772893896468 -7801.1370374833168171 3074.0875637802787423 5696.5796914319762436 10516
343000000 311.79485289302323281 9293.0829091869090917 994.84797730775585478 -7745.0265504778326431 3094.6617815402410088 5645.2127462453481712 10518
344000000 305.89645517714967582 9117.2804592863703874 1234.5121610580858942 -7749.4924579079251998 3204.1094309845348107 5779.8951879814767381 10514
345000000 312.34916101769931629 9309.6041291879919299 910.5382385819970068 -7962.420316505392293 3134.7074763854698176 5738.2510787019182317 10521
346000000 308.25829050451272906 9187.675243906378455 905.85955654574013352 -7928.1652152979340826 3069.9356254691811046 5764.0891463744937937 10528
347000000 308.38445703100614992 9191.4356523293809005 1161.2382504129486733 -7737.1573541918278352 3105.1805127542534137 5793.2150918505221853 10517
348000000 309.9564631098951395 9238.289481663996412 957.16825997895750788 -7851.9504194185265078 3124.6095238307307227 5684.5091555667531793 10507
349000000 309.84044451998209979 9234.8315337053772964 752.32589203693282798 -7946.1224864982650615 2965.5229585667511856 5732.9254199684464766 10511
350000000 310.90366231260946961 9266.5208672711214604 1020.0002484126171112 -7739.3171954239478509 3106.6580138313379393 5652.6594300052274775 10509
351000000 310.91987799816752158 9267.0041777200331126 1234.9317436418793932 -7661.0836484571864275 3095.834614416799468 5800.1807776822661253 10505
352000000 308.14548518650616415 9184.3130679015303031 1094.7979755753831341 -7818.4519890522878995 3116.2264205996702913 5797.0235440280011971 10517
353000000 311.13374640571663576 9273.3785512049344106 926.89092548341909605 -7924.564891426876784 3156.8924648159445496 5694.563352094351103 10512
354000000 311.31742902410536544 9278.8532336309726816 1016.2730830117577625 -7801.1209239173031165 3133.1544082743189392 5684.2395986547417124 10519
355000000 310.66122045087388415 9259.2948585642370745 1010.061287556651564 -7805.173341131199777 3123.1469055499974274 5692.087723137854482 10508
356000000 305.25119645815607328 9098.0484459357830929 911.62430076514556276 -7850.7800435677563655 3058.4067009317054726 5703.9976434011960009 10517
357000000 312.03499608075446758 9300.2404056399645924 1082.5079337395836774 -7700.3267633960267631 3121.5571377498145011 5661.2775593857959393 10513
358000000 315.41201374760328235 9400.8928213954695821 891.24015677599095397 -7853.1099185450293589 3051.2965263993528424 5693.0535489216672431 10514
359000000 313.95747383880933512 9357.5400853200571873 1074.0764176909494836 -7854.8335397601858858 3076.855803290577569 5852.0541541605580278 10513
360000000 313.5642863068845827 9345.8210838704435446 1096.033991981323652 -7817.5531680103176768 3135.3560690900931149 5778.2310909015486686 10517
361000000 313.84300802572863631 9354.1284180607799499 901.53945983030416755 -7954.3826140954552102 3103.7340880310516695 5752.1879858947067987 10511
362000000 306.55842681581435727 9137.0106032081239391 963.30512522416984211 -7863.2571321473251373 3097.9140670246788432 5728.648190346816591 10512
363000000 312.19728001040465415 9305.0772975869440415 1076.5965620490330821 -7683.4268470532642823 3135.4869746993535955 5624.5364344029430868 10516
364000000 313.00763131967596564 9329.2299153506828588 1042.9528370668967909 -7820.6947919846261357 3120.6989244797532592 5742.9487045717696674 10525
365000000 311.37643010892753637 9280.6117680259358167 910.6075154138036396 -7811.5103194507473745 3053.6818550941561625 5668.4359797703946242 10515
366000000 310.93454604381719264 9267.4413605762401858 1020.1515031626064456 -7823.2945554429061303 3159.727616478843629 5683.7184421266701975 10525
367000000 301.28812421851074532 8979.9286034932356415 871.02082527103470966 -7996.6027863265326232 3114.7442854773571526 5752.8793261202108624 10526
368000000 308.16706544104113163 9184.9562699708840228 1040.6773754343207656 -7881.7717048208696724 3164.0982911493492793 5758.3507891058416135 10517
369000000 313.2273558692190818 9335.7788318486364005 886.44517536546914016 -7799.5724003612995148 3069.0847871063961065 5616.9327886203736853 10516
370000000 304.81196116291602038 9084.9569853891025559 861.01634664233415606 -7921.6736377902980166 3083.1159270442130946 5699.5740573884186233 10519
371000000 308.80056392747871996 9203.8377681825586478 907.294081652580644 -7833.1708175324856711 3082.8573769219883616 5657.607522263077044 10505
372000000 307.79296243107609143 9173.8060849825051264 836.48188627440106302 -7925.5140830843092772 3145.3499161588638344 5616.6460531998454826 10519
373000000 312.6602688605130993 9318.8767356795397063 904.15162587001418615 -7824.6975465941723087 3138.8932513323634339 5589.9559211318246525 10521
374000000 308.1385893097568669 9184.1075354696495197 676.00862467149272561 -7972.9909337506906013 2905.3985598526815011 5743.6009985695018258 10503
375000000 310.6384621397214687 9258.6165443763984513 876.82822715818269899 -7913.1227485526142118 3116.763214682787293 5673.1877610280089357 10506
376000000 306.57998818736001567 9137.6532424677207018 957.71977209230021799 -7783.3075547076177827 3051.6734080734886447 5689.3539187264295833 10511
377000000 308.45629958749532307 9193.5769283243716927 853.53898954836097346 -7829.2097898584597715 3012.6644165074380908 5670.0843628993825405 10514
378000000 312.86020445753803187 9324.8358400791494205 1000.2506252269906781 -7862.5654038851716905 3127.9985584841629134 5734.8174706279996826 10505
379000000 313.36384018348803693 9339.8467631712228467 904.92893911639032467 -7788.2632381391467788 3133.7879437546157533 5559.4042335009216913 10514
380000000 315.26107667950907398 9396.3941240152726095 904.63047261454971704 -7892.9795601569549035 3180.8469231231265439 5616.763109648378304 10510
381000000 311.29697663916908823 9278.2436478500021622 924.82921643751581087 -7811.9843350439059577 3046.7300949635700817 5690.0834565178520279 10516
382000000 306.89668664681221344 9147.0924779573178967 894.04237045225568181 -7794.2162560547640169 3133.3357814865348701 5554.9228450204846013 10523
383000000 309.89161200222349635 9236.3565866378157807 838.58980708447347752 -7884.5742556478908227 3107.2913244192232014 5615.8727383131408715 10519
384000000 310.5516983352696343 9256.030538799956048 870.13254967349428171 -7908.8517120840442658 3096.0337189649817446 5682.950542792556007 10522
385000000 306.748705921802582 9142.6818947365991335 860.72542524085201876 -7908.575589929250782 3095.6987122489399553 5673.6023029211628455 10521
386000000 310.03466371367090915 9240.6202600193591934 907.71547536227103592 -7788.3412628710630088 3040.6652788019382569 5655.3914594313955604 10519
387000000 313.28671158093249005 9337.5479359405362629 914.18641827277406264 -7772.0308890332289593 3091.028275575067255 5595.1890317309362217 10515
388000000 310.6851670671952661 9260.0085903298659105 838.77758904950110264 -7874.7888152351670215 3078.5221223488133546 5635.0442819358549968 10521
389000000 304.83389455322407002 9085.6107127124396357 916.99558408266716469 -7774.9553127394210605 3018.3497383368739975 5673.6011584852149099 10518
390000000 307.93126109778933142 9177.9280932968540583 940.95346680457578259 -7853.5406608122575562 3131.6632114841158909 5662.8309161327179027 10515
391000000 302.68370566541108246 9021.5240755551731127 923.0127430052963291 -7766.314667816637666 3074.5797465792161347 5614.7476642427172919 10517
392000000 311.30595100824484689 9278.5111299944474013 1014.7492614790662628 -7824.5943529701544321 3097.2422812469162636 5742.1013332023048861 10516
393000000 309.9371282003864394 9237.7132023718950222 838.65559155189180274 -7849.3821995650541794 2981.4186867314256233 5706.6191043855196767 10520
394000000 307.72762464652470271 9171.8586844936762645 1008.7156742017969009 -7706.3078306907809747 3048.7161391517520315 5666.3073657408267536 10515
395000000 311.69671682880391472 9290.1579520469513227 1013.8578461905883614 -7775.9381296390347416 3091.3296291422675495 5698.4663466873553261 10524
396000000 309.99989759023105762 9239.5840515490781399 1045.3799443521807007 -7893.3697240387527927 3213.1748284077430071 5725.574839983190941 10522
397000000 313.18245069138532699 9334.4404276486020535 826.82148054136337123 -7874.9054785774678749 3081.2278987135455282 5620.4990604052854906 10524
398000000 307.56313463912800898 9166.9560401354156056 850.7495229025498702 -7929.49236027547704 3087.9339698381995731 5692.3079133398268823 10517
399000000 313.00971306810259875 9329.2919621117034694 871.36368905267181617 -7839.6721767313847522 3114.5962259379602983 5596.4396398460967248 10533
400000000 310.56308963897345166 9256.3700579702726827 870.7250524781400145 -7910.2886497487452289 3093.9284899520944236 5687.0852122747910471 10525
401000000 309.75544086547017741 9232.2979896085671498 868.45299790594822298 -7909.3273297972536966 3086.8801350466228541 5690.9001926565788381 10512
402000000 307.27372698717022104 9158.3302104296271864 869.07883591892209552 -7880.9655787384654104 3113.5022762084345231 5636.5421384489527554 10517
403000000 310.04028713764694203 9240.7878668440316687 978.39398442394031008 -7870.7929664560033416 3109.3040110900165018 5739.8829397899280593 10516
404000000 311.02370271432135951 9270.0986858117739757 801.68232207582411775 -7928.8236220082562795 3082.0863069454198921 5648.4196371386606188 10525
405000000 311.59433704154020006 9287.1065102337252029 1013.6201015670324068 -7772.9722160658384382 3094.9842967650824903 5691.6080208677885821 10511
406000000 311.08921381753401647 9272.051252084047519 928.50807729687880965 -7873.4595833456269247 3065.5859967016558585 5736.381663940850558 10505
407000000 311.66761444496967215 9289.2905520135100232 926.98013467237183249 -7874.0530693694654474 3084.5890343340520303 5716.4441697077854769 10515
408000000 310.51335839007310824 9254.8878121444686258 849.61568286381225334 -7966.356142545791954 3062.1909298315736123 5753.7808955780301403 10521
409000000 312.70125041481782091 9320.0981958106713137 785.36191195703861467 -7947.54839904093933 3057.9985527272456238 5674.9117582707331167 10510
410000000 308.92092996810742989 9207.4252924301035819 924.06767240032422706 -7837.0337248218384048 3067.2966030763955132 5693.8047941457662091 10522
411000000 311.69957654096054966 9290.2431861100594688 981.10959078517350918 -7735.572489617955398 3071.0880944076734522 5645.5939859954560234 10511
412000000 309.60100515053807158 9227.6950146406124986 1154.1979173185197851 -7708.5071264255757342 3093.4067251857841256 5769.298318558311621 10509
413000000 312.32682255809390881 9308.9383287257642223 935.59588215424810187 -7813.7166855093109916 3030.7396087690449349 5718.5729588945132491 10510
414000000 306.76372443579123228 9143.1295233435957925 934.68474275503501758 -7850.9329938377786675 3074.0868455063828151 5711.5308910864314385 10508
415000000 311.5058118596897998 9284.4680065931006538 808.66264765536152481 -8006.0896274266015098 3119.3539277869531361 5695.3983472950103533 10508
416000000 309.10144820174707547 9212.8056599899500725 958.31012470575524276 -7850.2724540423223516 3064.0202272433980397 5744.5623515046790999 10517
417000000 309.20855974058918036 9215.998132225315203 918.40055314460209956 -7850.6659382820853352 3021.7618776563449501 5747.3046137703422573 10508
418000000 312.03655331004017626 9300.2868190452099952 985.53953792616164264 -7764.9682612056340076 3119.2469937772980302 5631.2608053544981885 10505
419000000 306.03750796398998091 9121.4845544807467377 1067.5888193653963754 -7736.7372502053603966 3044.6614722046829229 5759.6645973660743039 10509
420000000 313.39020770148516704 9340.6326502010542754 949.00536447402078011 -7802.23661072077266 3044.3394665616210659 5706.9025086331730563 10511
421000000 311.83386078096395977 9294.2455439558343642 956.31001170083004581 -7789.2940969514866083 3113.425767602974247 5632.1783410493426345 10507
422000000 307.14647081981013343 9154.5373251301753044 1017.0752737492032338 -7798.8746435330112945 3136.866361401397171 5679.0835558808175847 10516
423000000 310.19890195572423863 9245.5154004814248765 795.53879105829946639 -7865.8818804845668637 3059.2971597281712093 5602.1235118146942114 10503
424000000 309.30078899271245518 9218.7470361237628822 755.54757497988987325 -7962.3306293104978977 3115.1278328393759693 5602.7503714510121426 10524
425000000 310.98075571852325538 9268.8186454616879928 843.04336215808677935 -7800.278555827290802 3045.9358426793496619 5597.3860753060289426 10505
426000000 313.57478460802269637 9346.1339869924067898 937.85866061710180475 -7815.1498983269975724 3098.8355580692464173 5654.1730008748527325 10515
427000000 310.60472253974586465 9257.6109315608355246 773.04238125907670565 -7934.0832468984417574 3124.1614462164029646 5582.9641819411153847 10513
428000000 309.72378294522127362 9231.354421506413928 760.91129886924125003 -7863.910314166315402 2986.032260035890431 5638.7893529996663347 10516
429000000 310.63697706775906227 9258.5722816288107424 1009.1913324415213538 -7820.6266157196259883 3112.2997363098074857 5717.5182118513394016 10501
430000000 307.99635366192489982 9179.8681849618405977 896.69308852169319835 -7860.0036535743538479 3098.814915914113044 5657.8818261819333202 10509
431000000 311.14687508572274055 9273.7698530838879378 779.85735474946568502 -7913.5895068858098966 3082.6578011155056629 5610.7890605197699188 10512
432000000 307.77608019615252033 9173.3029079499756335 853.79679932163367084 -7865.2351648634239609 3046.4777052993395046 5672.5542588857188093 10505
433000000 312.95823345859406572 9327.7576061887102696 799.63667784506026237 -7933.0542204665853205 3094.7857968524776879 5637.9051014591677813 10515
434000000 308.08499501078080129 9182.5101509739688481 884.28796712602775187 -7854.5324845495470072 3098.7276769631334901 5640.0927747124414964 10512
435000000 309.54528944201251761 9226.0344012793975708 795.42839472096648024 -7879.8258829495480313 3040.5854975367847146 5634.6687801337302517 10511
436000000 313.23711654043842145 9336.0697498225836171 1096.4296805704661892 -7657.7459198219366954 3077.3761965959756708 5676.7994037964272138 10502
437000000 310.19168252592498902 9245.3002245121660962 919.36475341141488116 -7872.3014938850874387 3104.9276556634349618 5686.7385916330676991 10509
438000000 305.08372628325975029 9093.0569773285005795 895.40253329838481022 -7855.9400325193128083 3084.5621935153822051 5666.7803723023152997 10506
439000000 307.40903045534901139 9162.3629464931618713 835.34832588189283342 -7874.0774120716687321 3101.9638229147039965 5607.4619150388571143 10515
440000000 306.08121184921191116 9122.7871540107025794 865.66030559312548576 -7860.6375972324240138 3051.728768160789059 5674.5691346647599858 10509
441000000 311.88178799254706064 9295.6740202334749483 686.3322551079936602 -7968.4164210744220327 3090.8151329902202633 5563.9335431921954296 10510
442000000 310.11910396458506511 9243.137011804505164 1063.0738295515802747 -7781.3503151697332214 3173.0557798245017693 5671.3683648968117268 10513
443000000 307.02342697136595007 9150.8699885001842631 930.96752211320836068 -7907.9324081989116166 3135.8954157299949657 5703.0045145821241022 10515
444000000 311.0502467799727242 9270.8898348655711743 1002.6870014467533565 -7745.1800257187214811 3063.1947296981170439 5684.6722974673575663 10516
445000000 312.88968185104590702 9325.7144173207980202 1055.0408004036175953 -7760.3742639515758128 3134.0254527886268079 5681.3896115665666002 10502
446000000 309.8004163577846839 9233.638489540115188 728.71486283685408125 -8022.099366241340249 3093.9477007602718004 5656.8665283179225298 10504
447000000 309.56123649566347922 9226.509705122167361 929.53722883405748689 -7898.5908832591649116 3080.0527478864787554 5748.075364206742961 10507
448000000 308.46949438619174089 9193.9702008788026433 1074.4589776697093839 -7698.937739100077124 3093.8678506042783738 5679.5288661655085889 10516
449000000 308.33599134867290559 9189.991126866581908 807.89967415452088062 -7898.9478881307550182 3035.0043251209071968 5671.8432371643702936 10506
450000000 306.81509191141213932 9144.6605371026471403 907.21623802482076826 -7890.7009100780423978 3067.8995798473424657 5730.0175682555200183 10513
451000000 311.31066888020336592 9278.6517467328540079 890.37928208267942409 -7856.9717438947009214 3110.1683535888878396 5637.1826723884923922 10504
452000000 310.31935341299850961 9249.1054705823135009 1043.621485904754536 -7840.2029840733175661 3088.544052567246581 5795.2804174108259758 10512
453000000 312.71227806635380375 9320.4268762846004392 882.67023690329187957 -7930.3819469735881285 3126.9870294456154625 5686.0651544312659098 10512
454000000 306.62776036380898859 9139.0770979046319553 919.96759761572548086 -7922.1749836976987353 3119.0758055395517658 5723.0667757738719956 10521
455000000 312.94500181830915153 9327.3632355663230555 1059.0742577918299503 -7660.8825907952741545 3082.6838082257968381 5637.2730403613077215 10509
456000000 303.89951386337236272 9057.7613844154311664 968.15537256588038417 -7788.0704750529748708 3093.3093295740527537 5662.9165180448017054 10515
457000000 309.74703096284798676 9232.0473314543323795 869.08920376636092442 -7844.7419234951494218 3058.9029343699530727 5654.9281928915561366 10500
458000000 311.12930915993314329 9273.2462985632628261 832.29601648574202954 -7855.185125851237899 3056.4620536191209794 5631.0190887178596313 10518
459000000 313.41122377530285803 9341.2590367966040503 902.37148153995337907 -7848.2095971046155682 3076.2747527265200915 5674.3063259180489695 10522
460000000 310.19018351962887436 9245.2555464500928792 1060.8505615264443804 -7783.8579673698332044 3184.064031304047603 5660.6444975922295271 10525
461000000 308.71683054453120576 9201.3420846817643906 927.78628135898611617 -7777.0793046860744653 3062.3215250579396525 5642.5440609871211564 10514
462000000 307.56192370549899806 9166.9199481136674876 984.8591779318587669 -7788.2206002331495256 3123.13054570972281 5649.9492324552857099 10520
463000000 308.34944390512293921 9190.3920819217109965 937.03916042194623515 -7898.7977914075554509 3095.4742271112245362 5740.3627247182776046 10526
464000000 313.28248309184266418 9337.4219053171073028 719.12037731281543529 -7970.8580880582831014 3080.1367184626124072 5609.8417469084861295 10524
465000000 309.01637687582325498 9210.2700989386084984 974.99257171078897954 -7822.7531492930584136 3180.8334069972379439 5616.9123140066094493 10504
466000000 307.34061794352635388 9160.3239033899972128 845.66435703426645887 -7920.2826180163556273 3111.5835991540589021 5654.363375896562502 10516
467000000 314.15349878543946716 9363.3826323165849317 907.81104416130938262 -7761.2175715902340016 3023.3469217440515422 5645.6816940074913873 10519
468000000 308.64478813850894312 9199.194852147518759 1043.5017530553509459 -7756.9334672876302648 3118.1716869224446782 5682.2635334205360778 10510
469000000 310.44273135835396715 9252.7827650107337831 1040.0634880909744879 -7630.7751264719754545 3037.0099580625842464 5633.8286565003672877 10518
470000000 310.47375335990858503 9253.7073794800908217 959.28442480448018159 -7684.5941846226323833 3045.4479948295661416 5598.4306145975460822 10509
471000000 306.15887463272861169 9125.1019025688729016 1149.4659296167942557 -7678.1834466132095258 3100.6166880184809997 5727.032688211522327 10510
472000000 314.48768301606878595 9373.3430333089854685 983.14358746327366134 -7860.1989333106548656 3092.0985044265053148 5751.2440163474238943 10510
473000000 312.1297560228493353 9303.0647370559145202 1039.0761648222517124 -7789.7799369095409929 3054.2774411527834673 5774.5786605790099202 10512
474000000 310.30144366706775827 9248.571668461230729 900.69056417672686621 -7879.8709605814856332 3101.739015050778562 5678.82250970743371 10510
475000000 311.94068591519868505 9297.4294798675964557 999.8298397793461163 -7792.754803351510418 3076.9744400028289419 5715.6102031280279334 10513
476000000 311.6467368950314949 9288.668294138769852 1026.5707098921961915 -7851.9838141978816566 3134.2103286175879475 5744.3441954724894458 10509
477000000 309.26980826222848009 9217.8236517436071153 901.38411049025080501 -7828.7478242350871369 3066.9427928783761672 5663.1891418469622295 10512
478000000 307.9582337013198412 9178.7320149734314327 944.4463564771936035 -7782.2187788103583443 3081.8661720124946442 5644.7989632750577584 10505
479000000 310.79455726586678566 9263.2689782941779413 1053.8895136620542416 -7794.0691808132187361 3115.8154571168761322 5732.1432373583957087 10503
480000000 310.38948629820094993 9251.1957896199746756 986.96523881919665655 -7814.6910774507978203 3103.9733776506964205 5697.6829386192985112 10503
481000000 309.00000191402273231 9209.7820412422261143 816.7325789053097651 -7941.8200874336853303 3044.8238036928923975 5713.7288626461031527 10507
482000000 308.71274922660774109 9201.2204405125612539 949.62408932886000912 -7864.4414688151919108 3136.9793996717016853 5677.0861584723506894 10511
483000000 307.53810731163696346 9166.2100976440251543 1092.456869132365 -7810.3839159194949389 3139.2771184746279687 5763.5636665772326523 10508
484000000 313.01481467455715801 9329.4440161026923306 852.70233069927019187 -7891.8575898665530985 3061.3913792547559751 5683.1685413110662921 10514
485000000 310.10504730063183843 9242.7180512529375846 793.64016374665766307 -7924.2478979367097054 3062.3504662754289711 5655.5375954079390795 10516
486000000 310.22227500655606036 9246.2120370589873346 814.24573115886437336 -7990.8690492247960719 3055.9185104826892712 5749.1962699009709468 10515
487000000 311.33053334207988883 9279.2438093966593442 1032.981623846322691 -7670.3557128367701807 3082.3569701683172752 5620.9803665147755964 10510
488000000 311.06371956249120103 9271.2913927610898099 1020.5289304441780587 -7801.1505141254392584 3112.893994104520516 5708.7854504650968011 10499
489000000 309.9703310812167274 9238.7028182090925839 951.17494620533352645 -7795.8610011441778624 3073.8329119759955574 5673.2030353735162862 10521
490000000 309.82899483046156774 9234.4902743388065574 765.36830759852898609 -7913.7466297647379179 3011.6283355681307512 5667.486601795135357 10516
491000000 308.7044217929112051 9200.9722403545274574 939.7221272421413687 -7801.9075288173016816 3093.6418481520504429 5647.9878079073932895 10507
492000000 316.38718014644905452 9429.9577726306852128 1076.0249563031982234 -7845.3836480322606803 3101.8484019345460183 5819.5602024009131128 10514
493000000 306.1734699965372215 9125.5369191341069381 859.86732699354649867 -7928.365116732324168 3104.0289016696410727 5684.2035420562297077 10508
494000000 306.38018858923055632 9131.6981915314681828 927.28185711351306963 -7875.1755964216536086 3092.9243297780294597 5709.5331237571372185 10512
495000000 312.10950923994982986 9302.4612792682601139 1093.6218626551547004 -7815.7213152711665316 3172.0069617546905647 5737.3362161716304399 10514
496000000 309.0211838750956872 9210.4133721272737603 956.03220046474848459 -7733.9132748430329229 3083.0185871782109643 5606.9268881295702158 10498
497000000 310.65509212351298629 9259.1122030337464821 977.36449827374849519 -7821.0949361570164911 3139.4152569944990319 5659.0441774362661818 10512
498000000 307.53955037285197704 9166.2531082562600204 1117.5830672849378971 -7644.4592625659561236 3074.6436146957998972 5687.3987151550945782 10517
499000000 312.17127761604479019 9304.3022931108225748 1077.62847942048802 -7693.2133534418744603 3076.2099405794051563 5694.6318922829577787 10507
500000000 309.53285150877582055 9225.6636871905830048 944.12023573879423566 -7850.7610737923860142 3065.955131652851378 5728.9261778783284171 10515
501000000 312.67583069426507336 9319.3405579971113184 840.08954980952330516 -7924.2395873160439805 3092.9729047826731403 5671.3562323428941454 10511
502000000 307.55220511790508908 9166.6302844472138531 834.41874535977160576 -7967.293100640913508 3100.4816261520077205 5701.2302198486777343 10508
503000000 310.95117773964346952 9267.9370702609885484 1007.6086453053471814 -7791.0386437717224908 3125.0788381769880289 5673.5684509000820981 10505
504000000 307.91271794918327487 9177.3754125332216063 1025.7907313061796231 -7777.6165557612457633 3098.5820320814423212 5704.8252549859835199 10508
505000000 304.9981811383441368 9090.5072940453974297 1038.7968364992511852 -7742.5070439117671413 3177.4007653624621526 5603.9031150485570834 10514
506000000 310.74843336745345823 9261.8942499814020266 1076.056928513476123 -7731.2871472091292162 3120.4707194024040291 5686.8733563202004007 10511
507000000 308.78773577932031458 9203.4554236912972556 1074.5221219247412137 -7758.9997259887568362 3146.7884028489388584 5686.7334450645594188 10516
508000000 306.69350243849925164 9141.0365483094410592 1075.5736131584667419 -7819.2358268166690323 3187.5005452975169646 5707.3088946776188095 10515
509000000 313.67467806527400853 9349.1113234420245135 1006.8972699826080088 -7849.6568002961921593 3075.7145146510947598 5780.8395556277064316 10519
510000000 315.65167300456795374 9408.0358942341063084 913.56137189872742965 -7797.9848600744962823 3029.0018697734021771 5682.5443621998219896 10521
511000000 306.06384767746641273 9122.2696127935105324 693.21056415427210595 -8033.6866922029621492 3063.4926084726330373 5663.4046478846012178 10518
512000000 311.05679750358865476 9271.0850799669988191 859.34820043306353909 -7914.0926277321323141 3065.6368628556679141 5707.8039653095293033 10525
513000000 314.11249867602356289 9362.1606191481423593 860.22011044399278035 -7837.805623942756938 3045.1109099935320046 5652.9148243932186233 10516
514000000 308.54302851543383213 9196.1618944021611242 789.82981005473470759 -7901.8551404201198238 3129.8973554988160686 5561.787594976039145 10513
515000000 308.60736689531006505 9198.0795075150290359 904.4981586172631296 -7905.6445937114604021 3085.6413425069795267 5724.5014098217434366 10513
516000000 310.45954451945482333 9253.2838832897105021 918.81399475527064169 -7920.3316710398848954 3136.9484191928113432 5702.1972466023453308 10507
517000000 313.84715936431723549 9354.2521492042869795 826.06222419387302125 -7867.5934195781210292 3066.9302819834210823 5626.7253617885726271 10500
518000000 311.64236682389110911 9288.5380436453760922 945.64451348952536591 -7749.5297800693497265 3024.2918089792783576 5670.8824845795970759 10503
519000000 317.07268983250622796 9450.3894708722400537 925.47579141061987684 -7897.4563161667665554 3085.7149980506437714 5737.2171095267422061 10506
520000000 309.02748446611190047 9210.6011619966284343 758.55743321845420724 -7948.3375024727210985 3093.331349945016882 5613.5635857461584237 10500
521000000 306.96950054255819396 9149.2627048351168924 922.91732160575224952 -7812.974340282963567 3081.7401277364997441 5654.1515341522153903 10502
522000000 309.60213455227824397 9227.7286765946573723 937.23832607736085265 -7792.3112423666862014 3041.8194778382344339 5687.7300906058117107 10511
523000000 314.58921719208206014 9376.3692715776815021 852.50444272123513656 -7844.0142795216870581 3048.1074425605802389 5648.4112796823428653 10507
524000000 311.72419967167957111 9290.9770814682815399 948.50198344699015252 -7877.0577982276681723 3083.5165241222866825 5742.0432575523718697 10510
525000000 311.37768402768733722 9280.6491412246523396 965.69274372825179853 -7850.3809952119117952 3105.0855199300131062 5710.9882190101507149 10498
526000000 306.60430975591367542 9138.3781497295112786 829.3358411697174688 -7898.4613680958918849 3049.2965238005645006 5678.5006854650455352 10514
527000000 308.02719136004384382 9180.7873062452381419 1056.0959191266174457 -7771.5614251412152953 3111.1101762870384846 5716.5471679807960754 10508
528000000 306.32914540557487726 9130.1768433332563291 832.58493431382180461 -7881.2011865051663335 3091.6843142060924947 5622.1018066128945065 10513
529000000 308.95044829639641648 9208.3050897378034279 953.6155506254908687 -7799.6161593311890101 2974.8766651163582537 5778.3550448403220798 10524
530000000 307.7945184924378168 9173.8524635776375362 901.92234909814942512 -7937.8522971032789428 3145.1750375618776161 5694.5996086395498423 10517
531000000 308.07609629008192087 9182.2449235384519852 962.3912757262080504 -7884.5546206375674956 3137.7632575299039672 5709.1826388338704419 10510
532000000 314.14835225248111783 9363.2292392857725645 817.4615281754646503 -7859.0059752698716693 2989.0499120835838767 5687.4175913617518745 10518
533000000 310.65245372970622384 9259.0335653905476647 1146.3440182381909835 -7807.9977752020949993 3213.071809968022535 5741.2699834722625383 10513
534000000 308.84125473972272857 9205.0505627117727272 1007.1827534411911529 -7889.425026289831294 3094.6796047852117226 5801.9281749458095874 10510
535000000 311.15812391832105277 9274.1051258858515212 884.10786954627792511 -7798.4710250804382667 3034.5266232857557043 5648.0522713409609423 10518
536000000 307.72214734920856927 9171.6954329915897688 878.36147244452092764 -7994.7645263118974981 3058.1601439640453464 5814.9658547923736478 10504
537000000 307.52511966403949373 9165.8229992528922594 901.43371280592668882 -7796.0851196259354765 3070.1571249394492042 5627.3617074924113695 10508
538000000 307.20982169724538835 9156.4255056145957496 1046.2613234100886075 -7876.2759779709549548 3142.2129807962537598 5780.3243205847902573 10518
539000000 311.92251317227879781 9296.8878390897734789 846.83127921948425865 -7863.7039695231378573 3043.543663923020631 5666.9915848196014849 10512
540000000 312.08486872942029322 9301.726865902704958 885.24402926133825531 -7892.5283644857790932 3109.41093938665108 5668.3614543604662686 10520
541000000 313.32137583294718297 9338.5811081207975803 968.46890378942043753 -7796.3336226822675599 3067.6508859697096341 5697.1516405019783633 10504
542000000 309.46152242810796906 9223.5377154039033485 880.29750628720523764 -7853.5326013627764041 3061.4178094503968168 5672.412298199585166 10506
543000000 312.32719165523076299 9308.9493297101053031 848.17312336726399735 -7769.34819909266389 3025.7386973224352005 5591.7826251374926869 10502
544000000 308.24322390336584476 9187.2261820558742329 737.056854363702314 -7978.9088943218412169 3050.3175560014888106 5665.6481926840551751 10520
545000000 308.95197307127585873 9208.3505358355851058 1080.4340256653777033 -7780.303509187151576 3138.3691044803731529 5722.3684303721547622 10511
546000000 312.44914507855656893 9312.5841660889291234 1002.5372479077852859 -7774.658328129327856 3084.8564250398731019 5692.3391509972398126 10514
547000000 310.34986592387315341 9250.0148996209736652 1053.1207760229367523 -7724.7576272189871815 3087.5179290080022838 5690.3604742339221048 10514
548000000 312.81028300044454227 9323.3479250753807719 851.94400670152072053 -7878.2571825422137408 3102.4964913342801083 5627.7046979094538983 10504
549000000 307.46065139808717959 9163.9015148699800193 928.59117524394571319 -7942.7376322558748143 3125.1159261886705281 5746.2128813111503405 10520
550000000 307.96041363859626472 9178.7969882648703788 937.93764301191504273 -7852.9330166712115897 3065.4881654230771346 5725.3824942600494978 10523
551000000 310.17170481912194191 9244.704786569769567 1083.6192858695585528 -7826.384290687932662 3172.4933747666264026 5737.5102017908648122 10514
552000000 308.00424459680482414 9180.1033752204020857 1058.8892926028734109 -7835.8176943532453151 3157.7143235925041154 5736.9926633636150655 10503
553000000 309.66414937878124647 9229.5770359211292089 1084.6505665236109053 -7710.8974762871903295 3096.378598707882702 5699.1694441029185327 10513
554000000 306.98568897753614237 9149.7452030772274156 1062.0652839374420182 -7822.2627785833883536 3087.420207270166884 5796.9078552506634878 10501
555000000 311.06852550016651549 9271.4346343087254354 786.33941678158498689 -7986.4226128525078821 3052.7895879399566184 5719.9724416941362506 10519
556000000 310.66747943334007687 9259.4814082857792528 990.04262241291712598 -7860.0149146439125616 3092.7863430715824506 5757.2711939852470096 10515
557000000 306.53933984734777596 9136.4417138284588873 1024.0123561707446243 -7938.344352260704909 3113.6977556672936771 5848.6589527641563109 10520
558000000 313.23234103514602111 9335.9274153157639375 1168.8274569308905484 -7635.7343878584015329 3110.5465065261482778 5694.0153382631433487 10513
559000000 308.09687412753885383 9182.864209470753849 631.47243338932526058 -8026.586595357488477 3002.0495899105662829 5656.0094388362485915 10506
560000000 307.5737924778018737 9167.2736982927272038 1010.5542130433777857 -7742.4864758778112446 3096.3696803748398452 5656.6710085463491851 10512
561000000 314.21246985963176712 9365.1402722411312425 917.88848562707585188 -7830.4816517649769594 3094.5833962449514729 5653.7867411471006562 10510
562000000 313.3698387208506233 9340.0255502952804818 1008.0734923524958049 -7744.0757333997698879 3147.1584062944971265 5604.9908194577692484 10511
563000000 310.46445385825552421 9253.4302067202643229 884.96587927787550143 -7879.8568562243426641 3057.5768476148368791 5707.2458878873812864 10507
564000000 307.62135924109384177 9168.6914313659071922 1019.461012546141319 -7843.9666029095951671 3116.9994214226258009 5746.4281940331102305 10513
565000000 309.97326819217835236 9238.7903591528465768 1061.0178435977013578 -7784.5061053706631355 3107.6559671766653992 5737.8679817917000037 10508
566000000 309.00331553973586551 9209.8808042532127729 1027.316329130376289 -7829.3775644465713413 3089.5464056758182778 5767.1474879011293524 10514
567000000 310.02489437361174396 9240.3290836696032784 721.28538138468047691 -8007.6432920078532334 3129.0422137919485976 5599.8864596005851126 10510
568000000 309.67343920294558757 9229.8539202422471135 844.86527008448285869 -7930.4280177696555256 3108.1635046143019281 5667.1297832398358878 10516
569000000 311.06559050184785065 9271.3471563325474563 1021.151434232236511 -7810.2168533701114939 3058.0983551771259954 5773.2699324252225779 10521
570000000 310.17276511070167544 9244.7363886872099101 637.73246717673441708 -7951.6190975132030871 3015.7533191200823239 5573.5982455698540434 10508
571000000 310.18148428790294702 9244.9962648072923912 856.9740704716922437 -7761.891036774269196 3035.7037532215122155 5583.1613540244488831 10517
572000000 311.10342364420932881 9272.4747776688782324 861.95752183679724112 -7872.6694344689622085 3065.998994531676999 5668.6279617740829053 10511
573000000 307.88853398102628489 9176.6546064677258983 872.35588757065693244 -7900.6451395926924306 3088.7185584757580727 5684.2824686875910629 10528
574000000 308.16729966597688417 9184.963251073128049 796.90673782861904328 -7959.4433841403415499 3084.7722720912124714 5671.5778498777490313 10518
575000000 307.04636201997226408 9151.5535703689911315 886.7394897606725408 -7854.0639188696004567 3046.2546044137652643 5694.548804216507051 10515
576000000 314.07804930483905537 9361.1338515167444712 913.84724425632089151 -7932.1012444649495592 3125.2605162854088121 5720.6879724358614112 10519
577000000 310.77455308635143183 9262.6727513294245 889.04561399126362176 -7873.6838681347635429 3088.3455826080007682 5674.383899518025828 10505
578000000 308.5016939055652756 9194.9299114076911792 989.40347468225468219 -7891.3081266873050481 3153.2995008628222422 5727.4121005067381702 10505
579000000 309.9493666534394265 9238.0779709299586102 867.9152994539122119 -7909.7556491320574423 3099.3829907947952051 5678.2879577911753586 10505
580000000 309.77235918186715935 9232.802242053730879 939.7457304395140909 -7852.881567272983375 3049.6649959032652077 5742.9623018092324855 10512
581000000 310.1159139535031386 9243.041933142394555 1028.0814908271638615 -7746.8556375589505478 3043.5537610723613398 5731.3833673137532969 10502
582000000 310.35414022034530035 9250.1422955389152776 1054.3478425861146661 -7769.8907793415510241 3134.3787724858652837 5689.8598494418001792 10507
583000000 308.24307980081493952 9187.2218870620981761 917.02781394669568726 -7874.1777930507041674 3118.3571902677026628 5672.8484167296974192 10511
584000000 311.61610406769017345 9287.7552790534191445 939.91936779115030731 -7860.5894222013694161 3121.4386979832715951 5679.0700920092485831 10508
585000000 314.50775470246458099 9373.9412723243913206 991.60278525863509458 -7824.4490647179563894 3084.306823700426321 5731.7450262761649356 10513
586000000 311.18016125155247664 9274.7619512404617126 792.62454672178989767 -7925.6439692483227191 3084.854599377442355 5633.4139165926699206 10516
587000000 305.74590863325875034 9112.7934015267928771 786.92778735790795963 -7973.9040184255827626 3076.1997380610200707 5684.6320677224694009 10514
588000000 313.96780497514521358 9357.8480060750807752 778.84588159676968644 -8046.7840264068390752 3076.6995605335587243 5748.9303474700500374 10516
589000000 310.0200496662681644 9240.1846865873649222 932.64247807006677249 -7799.4541093837906374 3126.9855370233763097 5605.1110504304806454 10508
590000000 309.99147501331378862 9239.3330156359606917 759.14542400953814649 -7917.1775762882298295 3038.2430978604515985 5638.079902437315468 10523
591000000 308.57874563807865798 9197.2264475175707048 841.42051195863234625 -7915.1964868870027203 3088.4511097065146714 5668.1658891391207362 10522
592000000 310.33360196148504428 9249.5301502753627574 823.80159277264863249 -7920.6855313159012439 3049.6815750501577895 5694.8055490383922006 10516
593000000 306.52623380569190203 9136.051086688243231 1122.3788485015516017 -7803.9322126673914681 3149.1390352531739154 5777.1720259157700639 10513
594000000 312.392397514784534 9310.8927981585911766 995.24843060316675292 -7805.2978404759587647 3130.2152698356903784 5670.3310012434358214 10518
595000000 311.56064557979476604 9286.1023321838729316 992.39158491800094453 -7821.4177358284059665 3131.0235160419470049 5682.7858047044601335 10512
596000000 310.58102763760120979 9256.9047021663718624 713.49045539218980139 -7991.36154401515887 3021.3049883352987308 5683.5470110720489174 10516
597000000 312.99461059922435879 9328.8418312191734003 778.88196564962584034 -7946.1939822880176507 3061.1338034673381117 5663.9421444703057205 10513
598000000 310.95820890164122829 9268.1466348858921265 864.70985705769214746 -7860.4037825581244761 3043.1001315852081461 5682.0135080306081363 10516
599000000 309.92340573321183683 9237.304202595314564 1066.8680009757408698 -7702.1577993446553592 3111.6119326844186617 5657.413867635978022 10506
600000000 311.48420240531623904 9283.8239342190609023 1073.0657128428629221 -7835.9765020304876089 3158.1443375843118702 5750.8978772890386608 10513
