# Steps Temp KinEng PotEng Epair Ebond Eangle Bonds
1000000 307.54865725386918029 9166.5245399349787476 1245.9502652339651831 -7556.9099143596858994 3072.933468158766118 5729.9267114348849645 10509
2000000 307.981719830816985 9179.4320218741468125 1279.2480414143476537 -7535.1448121176863424 3044.5499084743714775 5769.8429450576632007 10521
3000000 308.63138558786522481 9198.7953875214316213 1203.0567264893179527 -7624.6657448394744279 3127.7136205287442863 5700.0088508000480942 10515
4000000 310.55142913321333253 9256.0225152004477422 1122.5359304611106381 -7645.9974859269996159 3149.7722619694686728 5618.761154418642036 10511
5000000 312.41099763390008093 9311.4471769350766408 1219.4285369896260818 -7625.5270782433126442 3117.6485767016642967 5727.3070385312739745 10498
6000000 313.42090199671935125 9341.5474973443087947 1211.5400546988462338 -7579.5152838691710713 3079.3417555908545182 5711.7135829771632416 10519
7000000 306.66252879245155327 9140.1133750817552936 1197.0943784084047365 -7546.3683197092959745 3098.5626114697292905 5644.9000866479709657 10512
8000000 310.4128396764676836 9251.8918398543792136 1141.4774718027965719 -7680.8169708332552545 3105.7167810838827791 5716.5776615521681379 10515
9000000 306.73107431599919437 9142.1563826153033006 1359.7424235421826779 -7484.943901949451174 3127.7273820638192774 5716.9589434278141198 10502
10000000 310.01341642150754296 9239.9869819333416672 1253.2968178634409924 -7586.2146889382256632 3124.1328861698202672 5715.3786206318463883 10512
11000000 308.97207673351010726 9208.9497278946837469 1226.3020323748864939 -7620.3722542733685259 3143.0328143729229851 5703.6414722753324895 10507
12000000 305.9233449957796438 9118.0819135490783083 1245.9010682303342037 -7500.3156691947642685 3036.1680582688895811 5710.0486791562098006 10515
13000000 309.32832641625151382 9219.5677923282983102 1393.5859804189417446 -7590.7414172423877972 3121.8958432115127835 5862.4315544498176678 10514
14000000 310.04482833492482996 9240.9232177724352368 1061.3936317714887991 -7686.3250486420420202 3090.7712042896646381 5656.9474761238661813 10515
15000000 307.91897138002417478 9177.5617967879079515 1265.3658643320829924 -7506.8614361906984414 3107.0006168352692839 5665.2266836875123772 10499
16000000 310.5159598411838715 9254.9653487061914348 1283.1666180490906299 -7554.1598988399509835 3173.0820875721074117 5664.244429316933747 10508
17000000 311.12014207301911028 9272.9730724405817455 1242.1917277059696971 -7496.9397584591697523 3088.9826127959449877 5650.148873369194007 10502
18000000 306.4026310470941894 9132.3670916742321424 1132.0681789192799442 -7541.4066375869824697 3090.57550643218201 5582.8993100740808586 10515
19000000 308.91587287256589889 9207.2745650922042842 1283.6748625077052566 -7634.9925113646422687 3119.7523991070074771 5798.9149747653391387 10511
20000000 304.86948840470682853 9086.6715917161091056 1129.1932746349366425 -7663.9614544856467546 3108.2453236985411422 5684.9094054220431644 10518
21000000 305.9305815020173327 9118.2975984836284624 1134.37052910747434 -7610.7150317432879092 3047.5809633837402544 5697.5045974670229043 10507
22000000 309.81749446838671247 9234.14750467068734 1047.1954507493487654 -7689.8154831171741534 3054.0416487290299301 5682.9692851374929887 10514
23000000 306.25767949523310563 9128.0467933217678365 1165.2176932785637291 -7694.3820891420509724 3129.6518369144473581 5729.9479455061682529 10507
24000000 311.80677695569005436 9293.4383073018852883 1078.9390326233185533 -7697.5346976688488212 3047.4118844530894421 5729.0618458390781598 10510
25000000 310.29834840017826991 9248.4794136611180875 1201.0503505554577259 -7577.2968437962254029 3139.8173436367715112 5638.5298507149109355 10507
26000000 314.64344567946761799 9377.9855581348128908 1344.7682981240691333 -7523.4888634460639878 3132.8352137616211621 5735.4219478085105948 10511
27000000 307.41330353363576933 9162.4903061029417586 1269.5927895506529239 -7564.6129980285841157 3128.4674262535663729 5705.7383613256697572 10509
28000000 312.82309241746401085 9323.7297112828036916 1079.2861872027494883 -7639.8914308896673901 3018.8577939892056747 5700.3198241032114311 10509
29000000 310.64004051426445585 9258.6635880185676797 1048.6245425348683966 -7767.4507593153484777 3107.9472087817439387 5708.1280930684733903 10510
30000000 310.93851676339687629 9267.5597083485681651 1014.2678436492781202 -7743.1203142638869394 3092.2986798195042866 5665.0894780936605457 10515
31000000 311.52141552415906744 9284.933075680208276 1084.4350457677619488 -7691.2762269178710994 3092.1895370992779135 5683.5217355863551347 10512
32000000 316.87562620771717548 9444.5159659488672332 1088.4597068927878354 -7740.0429985604050671 3024.2404746366373729 5804.2622308165546201 10506
33000000 307.850273175990651 9175.5142385942035617 1128.1097711896779856 -7733.788987475221802 3193.6709444631314909 5668.2278142017676146 10513
34000000 313.41313924810845037 9341.3161276928367442 957.45857448616925467 -7755.4971503050310275 3070.6517270475169425 5642.3039977436828849 10510
35000000 305.08065707446752413 9092.965499193094729 1227.6208621698986008 -7616.9079611380784627 3093.1845761265722103 5751.3442471814050805 10508
36000000 307.79767700130230423 9173.9466033123844682 1094.6230465339283455 -7705.2924416939231378 3114.4879762304017277 5685.427511997448164 10507
37000000 310.69991241265768167 9260.4480771162434394 1228.0729559126168624 -7749.7418008044833186 3165.0664430574665857 5812.7483136596338227 10510
38000000 306.43633729683438105 9133.3717104820370878 1093.7623831755854553 -7689.8140676514149163 3081.99882460586241 5701.5776262211384164 10502
39000000 307.81898745542042661 9174.5817639480228536 1173.7595196787874556 -7704.6297475657356699 3139.3002862763710255 5739.0889809681521001 10516
40000000 312.28652358778987264 9307.7372130924704834 1201.6998311483905582 -7684.8519626208490081 3171.04226282671425 5715.5095309425250889 10510
41000000 306.33429729116386397 9130.3303958998640155 1211.7314886844403645 -7605.0535446332887659 3112.9945922364518083 5703.7904410812761853 10516
42000000 310.75308996505145842 9262.0330404301585077 1246.3707872096370011 -7583.6992755722203583 3112.8830266565282727 5717.1870361253286319 10506
43000000 310.19483298953957728 9245.3941244572761207 1166.5044184397311255 -7681.3224210915905132 3122.0603460087036183 5725.7664935226184753 10511
44000000 310.82925805879608561 9264.3032395807713328 1069.3732912123566621 -7668.0634509639212411 3071.2870639354132436 5666.1496782408648869 10505
45000000 307.10525509331824878 9153.3088854689758591 1147.423621796928046 -7715.0900072253871258 3057.9583463027952348 5804.5552827195197096 10504
46000000 308.47641080766902633 9194.1763456487606163 1227.4627672032065675 -7577.0055777280431357 3063.0979396362426996 5741.3704052950070036 10510
47000000 312.95381125261491206 9327.6258018102071219 1226.9807454353810954 -7702.9051727046517044 3158.4568640874977064 5771.4290540525362303 10509
48000000 304.0804816108567934 9063.1551497892251064 1158.2418019686429034 -7719.3971688250931038 3105.3287104263999936 5772.3102603673360136 10492
49000000 312.72902666859010878 9320.9260703788932005 1103.969684890029157 -7694.3382229343205836 3079.7185346145088261 5718.5893732098411419 10520
50000000 306.77036533562636578 9143.3274561580310547 1390.2061906581768653 -7529.4394514856621754 3115.5157709394825361 5804.1298712043562773 10515
51000000 312.45773838193673555 9312.8402905247075978 1186.3359076132712744 -7679.4087521809287864 3072.8573138036317687 5792.8873459905680647 10515
52000000 305.60385740336505478 9108.5595476177077217 1071.3121830527550173 -7720.24175539900898 3094.5587892129624379 5696.9951492388008774 10493
53000000 308.61010714563258261 9198.161181003872116 1222.2612618911359732 -7590.1808823279470744 3052.0329275677509031 5760.4092166513328266 10517
54000000 309.94395072870679542 9237.9165486450710887 1293.3566207699927872 -7554.2237550695326718 3046.9471357490037917 5800.6332400905212126 10510
55000000 310.81301348516973349 9263.8190681195264915 1266.0332770764196084 -7594.3142254486492675 3090.0881226424380657 5770.2593798826310376 10512
56000000 308.14826495603540479 9184.3959192650600016 1259.5334600917626631 -7504.2746474826963095 3072.8631334779956887 5690.944974096464648 10513
57000000 308.39700439144985467 9191.8096279091969336 1231.5656952588747117 -7600.0471224082557455 3099.4591488753017074 5732.1536687918287498 10516
58000000 307.50252512727473686 9165.1495663802797935 1242.0833372966294519 -7640.5170732714532278 3060.1333568720274343 5822.4670536960547906 10508
59000000 314.69043805278590753 9379.3861714460799703 1181.0714377401957336 -7615.466510900691901 3032.5450690178167861 5763.9928796230706212 10514
60000000 310.16813273651030158 9244.5983202199877269 1247.316824369785536 -7651.6426537334200475 3111.3608306229934897 5787.5986474802120938 10515
61000000 313.17510930764530031 9334.2216168275408563 1305.4097105146661306 -7622.1330479581611144 3118.5768143387313103 5808.965944134097299 10518
62000000 311.85942018249744478 9295.0073449777446513 1048.661575517197889 -7763.0041872536876326 3098.7143779401135362 5712.9513848307706212 10515
63000000 309.878667336218939 9235.970769318204475 958.04771740716660133 -7783.1384633147481509 3034.2184652346868461 5706.9677154872279061 10528
64000000 312.1028867353871874 9302.2638947271225334 1067.9388123941412232 -7679.4294816360870755 3039.2690163568349817 5708.0992776733928622 10507
65000000 311.09966597777980724 9272.3627799711921398 1090.2119847806379767 -7675.2890697022412496 3016.7851186047814736 5748.7159358780982075 10514
66000000 311.8306999096078016 9294.1513338067397854 1100.902830501538574 -7746.531710467314042 3129.8950080551085193 5717.5395329137445515 10511
67000000 311.29159794291922481 9278.0833351644996583 1045.0854148813664324 -7703.9918908213403483 3052.061909333659969 5697.015396369046357 10520
68000000 308.87790511705520657 9206.1429315948498697 1059.1552680434381273 -7795.0205530237262792 3114.8021525967051275 5739.3736684704599611 10507
69000000 307.42013942511431424 9162.6940506666487636 1078.4691374884087054 -7782.6376158714083431 3127.72571892832093 5733.381034431497028 10509
70000000 311.88647777643859627 9295.8137998036818317 1024.7762528461578313 -7761.0219018528696324 3129.5617400272176383 5656.2364146718100528 10509
71000000 312.65395870999844874 9318.6886608881886787 923.90085465033644141 -7864.9824235689457055 3051.0177768652511077 5737.8655013540319487 10517
72000000 308.53023551838043659 9195.7805975937899348 1042.5044815800642937 -7721.4886118976937723 3041.1886748707202059 5722.8044186070383148 10517
73000000 306.32144620769889798 9129.9473678190461214 1037.4381892473579683 -7802.608139088383723 3122.390025200054879 5717.6563031356872671 10522
74000000 308.19514258837148191 9185.7931127076171833 1018.9360784801576756 -7782.320910447735514 3116.822878789169863 5684.4341101387226445 10511
75000000 305.69482505974849573 9111.2708495041297283 1063.9341523661203155 -7750.9979051368154614 3146.942354640575104 5667.9897028623599908 10506
76000000 311.12546085906416238 9273.1315994952601613 1007.9469647661849194 -7771.7427777735483687 3136.5131975185358897 5643.1765450211969437 10511
77000000 308.14916566406878928 9184.4227649757995096 1025.8106688764348746 -7748.501890718114737 3119.726520894798341 5654.5860386997519527 10515
78000000 312.87870022014351434 9325.3871084973616234 986.8696836152925016 -7808.7796646555470943 3089.1583263816373801 5706.4910218892018747 10517
79000000 308.85459557833223698 9205.4481880032926711 817.56646104941853537 -7889.7819232480142091 3058.1468144999489596 5649.2015697974829891 10507
80000000 311.27859239971991201 9277.6957033928119927 1070.2382995932534868 -7727.7342513693147339 3119.8740085083463782 5678.0985424542213877 10512
81000000 314.38228424407384409 9370.2016102945017337 946.63548146382390769 -7876.0680845577408036 3142.6870748040519175 5680.0164912175114296 10519
82000000 313.40978905254024767 9341.2162747129423224 920.75090796043355112 -7805.5486181303658668 2994.503734642460131 5731.7957914483395143 10513
83000000 311.91229557572097519 9296.5833024014245893 985.21547942956817678 -7763.1902929034549743 3097.2413369507958123 5651.1644353822275662 10506
84000000 307.37132889897856103 9161.2392470930426498 980.08750954877109507 -7873.9843059900613298 3094.0465338332946885 5760.0252817055370542 10511
85000000 310.37030064662877749 9250.6239589785363933 982.23798721687842317 -7711.3188405400896954 3094.6235315335529776 5598.9332962234147999 10514
86000000 312.39122794842495523 9310.8579390932591195 1024.6168841773514941 -7735.7610841426376282 3066.8280824472290078 5693.5498858727605693 10512
87000000 315.19215833540954463 9394.3400045205526112 969.97961954880167923 -7785.9014340981975693 3079.4767249319620532 5676.4043287150379911 10519
88000000 315.32335334690844775 9398.2502875410009437 1020.9913576508706683 -7706.0666673626146803 3105.5187687667794307 5621.5392562467059179 10524
89000000 310.85933134238945286 9265.1995773977414501 996.55677927388683202 -7806.3931139148044167 3154.4713185195523693 5648.4785746691386521 10521
90000000 309.78415838358500878 9233.1539186731788504 981.49187659208951118 -7810.4431180755855166 3135.373886078275973 5656.5611085893988275 10512
91000000 312.33340446468525897 9309.1345032395074668 831.80253227379239434 -7938.8748332689792733 3127.9394794200597971 5642.7378861227116431 10516
92000000 307.8932306172212634 9176.7945902716564888 863.83647837748389975 -7938.8699638583220803 3142.1430896869051139 5660.563352548902003 10515
93000000 302.21348408333568614 9007.5090650206184364 868.15038525854856744 -7870.7787123825755771 3094.3814349325543844 5644.5476627085699874 10515
94000000 312.460651012639687 9312.9271018314211688 894.72668361610158172 -7873.1175565366047522 3099.2263309156264768 5668.6179092370803119 10509
95000000 310.87705646552404914 9265.7278768142878107 798.56827649702916005 -7833.3065990361337754 3039.6860329969922532 5592.1888425361712507 10519
96000000 310.40715312870145226 9251.7223516175836266 825.81321476659604741 -7834.855579687887257 3076.4528026138577843 5584.2159918406259749 10522
97000000 311.66118838622963949 9289.0990225636287505 967.74854637579005612 -7824.078841036571248 3119.8854644226007622 5671.941922989759405 10515
98000000 309.12036751508179577 9213.3695523883434362 1041.6959914082458454 -7772.7502785563938232 3127.6492734749067495 5686.7969964897329191 10520
99000000 310.38642628773357046 9251.1045856417404138 810.33957713899258124 -7950.9875867479440785 3041.4018570423349956 5719.9253068446014368 10524
100000000 310.41049470714784775 9251.8219477631319023 958.03598593608944611 -7897.4643364321318586 3119.7297078622482331 5735.7706145059737537 10517
101000000 309.83922761911543375 9234.7952638293954806 852.34565054205893375 -7893.8090204860000085 3105.3549708282389474 5640.799700199821018 10518
102000000 311.79952040425649784 9293.2220249178717495 777.39130276850619339 -7865.0135017080465332 3008.4703829959407813 5633.9344214806105811 10518
103000000 313.2964387591165405 9337.8378556505576853 1055.639385667186616 -7763.9446476292487205 3141.6264621169448219 5677.9575711794914241 10524
104000000 310.38168929799411444 9250.9633990955862828 791.11173367619778674 -8034.8623545691589243 3097.8249238071939544 5728.1491644381621882 10515
105000000 315.62536349046843043 9407.2517360173860652 929.82627980987854244 -7806.7031111280048208 3088.0220405476779888 5648.5073503902058292 10509
106000000 315.7552844876056497 9411.1240468872983911 900.2081991495431339 -7842.5625421486811319 3058.745043462016838 5684.0256978362067457 10513
107000000 312.02207193501016036 9299.8551999291648826 899.43754230739546074 -7830.9623870889508908 3088.9115830603877839 5641.4883463359583402 10501
108000000 307.53781223407366952 9166.2013028219334956 966.56017232269164197 -7776.7240971160517802 3068.6174273330675533 5674.666842105674732 10508
109000000 302.73609337166988098 9023.0854974104986468 959.22238983571890003 -7812.06422529106203 3059.045327017704949 5712.2412881090758674 10511
110000000 311.41546434788847364 9281.7751881901713205 1142.3001869677541436 -7680.9443708812868863 3125.4972738239926002 5697.7472840250484296 10504
111000000 310.7268500193100067 9261.2509557066769048 1051.0434057563029455 -7867.1563723080462296 3170.8000657893476273 5747.3997122750015478 10505
112000000 308.28696676238752161 9188.5299432045958383 893.34871306796799217 -7860.8270381636893944 3140.5544827884159531 5613.6212684432412061 10516
113000000 311.95738753995078696 9297.9272737923492969 1084.3833042506200854 -7711.4832374701763911 3129.7362531090093398 5666.1302886117873641 10508
114000000 309.81491898873366608 9234.0707421913684811 1039.7103003826989607 -7821.7328976767166751 3106.1969219995944513 5755.246276059822776 10520
115000000 310.58874354004188945 9257.1346755621325428 920.42521670440419257 -7897.0794906088549396 3142.7170777003448165 5674.7876296129143157 10513
116000000 310.05704035675665864 9241.2871985447891348 1192.9430357911796818 -7620.8837175679782376 3068.4482609628548744 5745.3784923963030451 10501
117000000 312.45266116468104656 9312.6889634567105531 847.81611833672945977 -7834.2584559581428039 3041.9794854695246613 5640.0950888253482844 10513
118000000 312.80661261049596078 9323.2385286636545061 790.00450644117790944 -8030.2857956042007572 3045.4178882068458734 5774.8724138385323386 10524
119000000 314.97414526421596292 9387.8420988396537723 923.87181976170870712 -7830.0444798668686417 3101.3387396617258673 5652.5775599668513678 10512
120000000 310.31162999180668294 9248.8752730892756517 979.71423889598668211 -7835.9378581481632864 3113.2782128683288647 5702.3738841758222406 10506
121000000 310.2879662622374326 9248.1699727971536049 802.3853561033583901 -7904.2256588987220312 3040.7006792305546696 5665.9103357715257516 10498
122000000 314.1815255035232326 9364.2179720035874197 998.59502205603098446 -7842.1225392438900599 3135.4603315600197675 5705.2572297399010495 10517
123000000 306.41293494592616753 9132.6742006121912709 897.39034189973119737 -7920.3997064417781075 3118.9392869704633995 5698.8507613710462465 10509
124000000 309.24296020009660424 9217.0234420383221732 952.45683747681164277 -7813.0361588426694652 3109.2429709038487999 5656.2500254156311712 10508
125000000 312.47183730991002903 9313.2605107604522345 981.03054739312369747 -7754.2553081568294147 3064.3869610072010801 5670.8988945427518047 10510
126000000 312.13318927625499555 9303.167065584597367 884.72506329529608138 -7911.1423006942313805 3124.7580296666319555 5671.1093343228967569 10511
127000000 311.78393030595810842 9292.7573601721087471 1057.7132255077597165 -7802.4506192173703312 3178.2845043383358643 5681.8793403867930465 10504
128000000 306.04824275785318832 9121.8045062966866681 1008.7105819614931761 -7820.5661812461730733 3116.6076002766230886 5712.6691629310435019 10508
129000000 313.58947469242690431 9346.5718267163301789 940.26188391789048637 -7868.1410513291584721 3110.5281914967290504 5697.8747437503197943 10514
130000000 310.42802523525318747 9252.3444472515384405 932.36384716015936647 -7940.9946274380909017 3133.171389429438932 5740.1870851688108814 10516
131000000 315.14041766552634272 9392.7978676618458849 1080.3317871878475671 -7816.0504884045212748 3141.5397463419685664 5754.8425292503998207 10524
132000000 305.86607826081524308 9116.375071659211244 996.48664084501353955 -7755.0011324834695188 3054.8019965041289652 5696.6857768243544342 10512
133000000 308.82806723514045188 9204.6575075592863868 968.55466251494249263 -7745.9495946207480301 3083.0437870283940356 5631.4604701072967146 10520
134000000 312.31540483312375045 9308.5980220664405351 906.19834775174433616 -7815.3141343909537682 3119.6070498080662219 5601.9054323346317688 10521
135000000 306.09188250610395698 9123.1051942165395303 902.38284859224563661 -7809.6405109794923192 3070.628241780244025 5641.3951177914932487 10509
136000000 312.3734560862969829 9310.328246615421449 930.56740231503192717 -7870.0625350110240106 3115.1823107108748445 5685.4476266151805248 10513
137000000 312.60481856086039443 9317.2240328615462204 845.78990496950643774 -7903.5917915704303596 3096.8039379634001307 5652.5777585765372351 10516
138000000 312.81606067037165531 9323.5201292190868116 699.93170512724884702 -7908.1071942414037039 3003.4286753207838956 5604.6102240478685417 10506
139000000 310.03844088985346161 9240.7328392075705779 977.33866553429311352 -7873.225318283539309 3116.6021909120140663 5733.9617929058185837 10512
140000000 307.74120538878685238 9172.263460142277836 957.35609381359563486 -7864.9570554045567405 3109.4011588157445658 5712.9119904024082643 10503
141000000 309.31887029459301175 9219.2859514904630487 816.42957487948956441 -7957.0621667955747398 3132.9641345905238268 5640.5276070845402501 10525
142000000 311.52181781315266562 9284.9450659518115572 814.82803307285610117 -7905.8129514820811892 3087.9295506399848819 5632.7114339149520674 10518
143000000 309.00896154370013846 9210.0490840771381045 826.46306334470693855 -7825.6032889091957259 3034.4863978509265507 5617.579954402976 10524
144000000 309.47021875328908891 9223.7969104167896148 871.62352803180510818 -7827.6300435619068594 3111.5208911537993117 5587.7326804399126559 10508
145000000 311.6163589880619611 9287.7628769856128201 727.36500868140888088 -7920.013575111528553 3071.1256808200732848 5576.2529029728630121 10504
146000000 304.57946551476243258 9078.0274247684919828 781.373608509227779 -7849.5370688732436975 3021.9919220580131878 5608.9187553244591982 10513
147000000 310.89154229912571736 9266.1596288185937738 796.18816767283010449 -7860.3081846558679899 3008.1430563814042216 5648.3532959472941002 10517
148000000 308.65344404399206724 9199.4528424464679119 936.3028091726389448 -7850.3300636999611015 3178.4106183885419341 5608.2222544840569753 10512
149000000 312.3967610256618741 9311.0228531225584447 827.69909757646382786 -7937.4821394013206373 3095.6276356450107414 5669.5536013327737237 10512
150000000 310.22541875343023321 9246.3057368108457013 918.35982912580925586 -7780.4529775281243928 3149.7395318789722296 5549.073274774962556 10521
151000000 306.26411254202503187 9128.2385310513727745 746.98770239452051101 -7865.5455328776042734 3001.8836133800232346 5610.6496218921020045 10510
152000000 310.93527671127714029 9267.4631382073366694 853.25435417007201977 -7941.6439103036518645 3113.7853681857573065 5681.1128962879665778 10508
153000000 312.38174436764654729 9310.5752798330686346 986.80396758925871836 -7778.8064243466214975 3061.5418668415768479 5704.0685250943024585 10517
154000000 309.37733202608222882 9221.0284103947815311 1030.4177282975517755 -7801.5824467180718784 3106.1132174133063018 5725.8869576023189438 10517
155000000 308.03439283653278835 9181.0019471139348752 846.00652794535778867 -7949.6945725107061662 3109.2977205089614472 5686.4033799471026214 10513
156000000 312.63263351907835386 9318.0530610204041295 970.73176258318449072 -7719.5471774397810805 3098.7737674307704765 5591.5051725921948673 10506
157000000 311.98205388245054337 9298.6624570828680589 1036.3220071396206095 -7800.4478023772808228 3135.4442904744155385 5701.3255190424861212 10499
158000000 308.71379206323956623 9201.2515223831906042 1037.2460260658685911 -7765.5027400664994275 3122.4140130096361645 5680.3347531227318541 10501
159000000 306.82728888982722992 9145.0240695041647996 1144.9445269193981858 -7790.2251425211070455 3156.3677232197997 5778.8019462207066681 10511
160000000 310.09230888440418994 9242.3383812326119369 929.32142612026905226 -7863.6618229940049787 3116.133396909449857 5676.8498522048239465 10506
161000000 311.68913913486676392 9289.9320979721815092 1102.951598927159921 -7776.1662665468593332 3158.9464320224560652 5720.1714334515627343 10504
162000000 310.69167723527152702 9260.2026266685807059 1054.9209608461781045 -7755.2822282709912542 3109.8995994090610111 5700.3035897081090297 10507
163000000 308.98786144638103224 9209.4201931510724535 1031.356980885530902 -7810.2990540140390294 3083.5937670102275661 5758.0622678893432749 10514
164000000 313.00952300350729729 9329.2862972136917961 772.66532247229724817 -7918.1139789613844187 3073.7036935650221494 5617.0756078686590627 10511
165000000 309.23580399402823105 9216.810150459928991 866.32834204819869228 -7821.98358859408836 3074.3427428774434702 5613.9691877648438094 10507
166000000 310.21461868060680445 9245.9838393476838974 842.59994512381558707 -7902.2279671389696887 3075.3578805483020915 5669.4700317144834116 10521
167000000 316.58239897951756348 9435.7762933160247485 794.47738349416385972 -7902.2855376997540588 3038.1655065106988332 5658.5974146832195402 10512
168000000 312.80127499836675042 9323.0794404952848708 947.67819883682591353 -7888.5416981545713497 3131.6428632211977856 5704.577033770199705 10515
169000000 311.41559860778778557 9281.7791898225405021 918.91723842678538858 -7769.1814786749591804 3124.7978283657025713 5563.3008887360429071 10517
170000000 312.2896795078297032 9307.8312756669893133 1010.7609853095041217 -7849.934478558401679 3212.0797016727615301 5648.6157621951433612 10510
171000000 308.73290194317780788 9201.8210946420113032 987.51632873785683842 -7775.7018682776079004 3088.1391052134117672 5675.0790918020538811 10514
172000000 311.26851284985440316 9277.3952812026491301 1030.2438085555638736 -7631.8708202888365122 3059.7573909732532229 5602.3572378711469355 10517
173000000 310.88140390907386745 9265.8574528896351694 727.44927611085677199 -7909.4007679278747673 3083.595190813003228 5553.2548532257287661 10517
174000000 312.3376777357498213 9309.2618685950546933 886.23539324381840743 -7949.5757604701939272 3104.0589054887409475 5731.7522482252716145 10512
175000000 312.224752338456085 9305.8961136126781639 894.1081509606765394 -7872.6260412058018119 3066.1737759995048691 5700.5604161669725727 10515
176000000 312.82577923475253101 9323.8097921936732746 1019.1508564005880544 -7768.8101266357762142 3050.415493274822893 5737.5454897615418304 10507
177000000 313.06911308776199121 9331.0623868072379992 742.78628113990055226 -7967.9305797669821914 3018.06570694738366 5692.6511539594994247 10524
178000000 307.81388450822214509 9174.4296699960068509 895.48441371259434618 -7916.6857229270299285 3112.8775614959945415 5699.2925751436287101 10520
179000000 306.22836115531305268 9127.1729566913400049 887.50061266346347111 -7856.2977813438237717 3078.9106527569592799 5664.8877412503288724 10518
180000000 308.20221931528453752 9186.004035400274006 839.28610510250928201 -7938.5523349288905592 3147.0624089764455675 5630.7760310549547285 10522
181000000 310.58614556301085941 9257.0572425457703503 838.3859637133770093 -7965.7138818495086525 3083.6054921487052525 5720.4943534141802957 10513
182000000 307.26822095711480642 9158.1661025448083819 872.85625238141460613 -7860.9088040562201058 3064.4973615120738941 5669.2676949255610452 10498
183000000 309.01050037828724726 9210.0949492261897831 876.15397028155200587 -7970.5304525034653125 3134.1396809780790136 5712.5447418069397827 10504
184000000 311.02308826590592616 9270.080372103207992 1066.2002750135829956 -7809.0126046514715199 3170.8891374243821701 5704.3237422406709811 10506
185000000 308.07070813046567537 9182.0843287961815804 781.98518166398071116 -8017.4236900775649701 3157.4488547400915195 5641.9600170014546165 10503
186000000 309.01621455119288839 9210.2652608335720288 913.82894337420020747 -7895.052794893450482 3094.509316504511844 5714.3724217631388456 10505
187000000 310.83648599218054187 9264.5186690004065895 914.70996227270620693 -7932.1519352555706064 3124.1490841893037214 5722.7128133389724098 10505
188000000 310.54881819656890229 9255.9446959212582442 876.42373371470898746 -7872.2475246244157461 3007.1106434577659456 5741.5606148813585605 10502
189000000 309.87029093295768689 9235.7211096164319315 1058.8064299892571398 -7802.7906649970209401 3114.4199675948239019 5747.1771273914546327 10505
190000000 306.28042073372046161 9128.7245986567813816 860.7018048868688993 -7926.7125825678485853 3032.7606376978228582 5754.6537497568942854 10504
191000000 305.75776133093125964 9113.1466725995705929 941.95146068938436201 -7850.55531285707184 3091.0627070498103421 5701.4440664966459735 10513
192000000 310.09727575261490529 9242.4864193341163627 913.40853548577365473 -7786.3375804097267974 3040.2701119845160065 5659.4760039109833087 10510
193000000 309.02340533475654638 9210.4795829983504518 895.83625149457031966 -7825.3040024741421803 3062.4643434790750689 5658.6759104896373174 10496
194000000 310.4041981861598174 9251.634279201452955 1064.8321107876167844 -7767.1304341289678632 3131.5335725675117828 5700.4289723490728647 10511
195000000 313.41502603786636882 9341.3723636874019576 688.11246470431501621 -7946.2514893850184308 3079.5948987155093164 5554.7690553738248127 10508
196000000 311.80245443041280851 9293.3094739186326478 860.59623229889666618 -7873.5117616859206464 3117.9478886792639969 5616.1601053055537704 10511
197000000 313.12353337319842694 9332.6843899282321217 957.86949648668655755 -7709.5972457229108841 3054.1501045228105795 5613.3166376867857252 10517
198000000 309.92384399037240428 9237.3172649024400016 800.95103379609054173 -7890.62283896694953 3073.8984490625389299 5617.6754237005006871 10503
199000000 306.43408913730945642 9133.3047038183140103 877.13162769106770611 -7859.1020874554697002 3082.5092753576273026 5653.7244397889089669 10508
200000000 308.02119477844746598 9180.6085774130278878 799.07469138825183563 -7984.2083628286536623 3045.8919525813753353 5737.3911016355295942 10517
201000000 312.39974977049615745 9311.1119330200672266 1002.6930138107885568 -7780.3765845586112846 3168.4846540905855363 5614.5849442788148735 10509
202000000 307.37501708209015305 9161.3491738321226876 832.15161234283118574 -7834.6129214948086883 3075.8327635967757487 5590.9317702408643527 10510
203000000 309.00142309011232555 9209.8243995656757761 821.46431776192798679 -7904.6540309204192454 3108.4532564390592597 5617.6650922432881998 10509
204000000 305.69957857856206829 9111.4125287013157504 909.34020546526039652 -7933.9102079331287314 3143.5437884060233955 5699.706624992365505 10515
205000000 309.85607963238356888 9235.2975401018702541 708.79644562312159906 -7961.4912874712190387 3087.8345517780057889 5582.4531813163357583 10518
206000000 309.68459677735523883 9230.1864730829765904 641.22894730137988972 -7999.3595507932668625 3060.7746358755280198 5579.8138622191181639 10526
207000000 305.7610927535743599 9113.2459660501863254 812.22054481064719766 -7955.6294856429085485 3154.3571126206797999 5613.4929178328748094 10504
208000000 310.32368861816252092 9249.2346818911082664 897.81037132944686618 -7869.7009125544745984 3172.9256874577122289 5594.585596426209122 10508
209000000 309.39173864697278304 9221.4578014547514613 760.03649439085256745 -8012.7104375403032464 3069.8303126554769733 5702.9166192756792952 10519
210000000 309.96006960777356198 9238.3969737649240415 961.85789256280463633 -7917.572628499036 3138.4500481976119772 5740.9804728642284317 10510
211000000 312.87142674432504919 9325.1703216800306109 812.56642108892231136 -7888.3254875266275121 3021.0422800085425479 5679.8496286070076167 10514
212000000 309.30809908935145813 9218.964914429034252 1050.7484345643936194 -7750.4110790320455635 3137.6254186748633401 5663.5340949215760702 10507
213000000 307.65043276300912112 9169.5579711664013303 1007.9945519348117386 -7793.4913270244996966 3124.453958946228795 5677.0319200130825266 10506
214000000 311.37915723259283141 9280.6930502731884189 972.40979731466279645 -7851.2707391508820365 3106.7601456943129961 5716.9203907712308137 10518
215000000 310.33818141386166189 9249.6666414015617192 722.77151819757716567 -8019.9359866978784339 3082.5103868604041963 5660.1971180350519717 10518
216000000 308.74421883281252121 9202.1583958920909936 696.97880164888726995 -8007.2318867572412273 3115.8324786640419006 5588.3782097420862556 10505
217000000 306.66761459138996315 9140.2649579278331657 898.54505230863219367 -7886.6249180660752245 3135.0354061175007701 5650.134564257205966 10509
218000000 308.13329581247000988 9183.9497621494374471 884.41990908909338032 -7922.9481131167376589 3089.6162571086124444 5717.7517650972185947 10504
219000000 312.57032348440094438 9316.1959029789577471 957.45661412990762074 -7724.4523201390375107 3092.7758480086586133 5589.1330862602862908 10500
220000000 311.30742596328286709 9278.5550912058934045 1019.2724795310627997 -7683.248815273076616 3104.16750031988704 5598.3537944842519209 10508
221000000 312.57583299995843618 9316.3601147495828627 984.32762639354973544 -7824.0614958809610471 3117.0179054674554209 5691.3712168070560438 10499
222000000 308.38006900993411818 9191.3048668361261662 1015.5474471159134282 -7764.4825220165021165 3116.8561702203223831 5663.1737989120929342 10510
223000000 306.10300682500087532 9123.4367558727317373 1110.1007066770878282 -7825.2566589291063792 3127.348007174769009 5808.0093584314254258 10508
224000000 310.50655201580076437 9254.6849473446254706 846.31108417952793843 -7943.3279252755401103 3059.1137014523114885 5730.5253080027559918 10504
225000000 314.0807779046451742 9361.2151777605522511 745.87584849669883624 -7923.8947309449322347 3051.3414089355610486 5618.4291705060695676 10514
226000000 309.74447453617113979 9231.9711368512507761 791.414252745224303 -7949.2875566262491702 3047.690435435452855 5693.0113739360203908 10518
227000000 310.79055765434839032 9263.1497693941582838 863.12199768322739146 -7912.574524949644001 3163.2065379357668462 5612.4899846971047737 10516
228000000 309.21128164718629705 9216.0792589772263455 1007.879928679095201 -7755.8198605886955193 3091.7155927526609958 5671.9841965151299519 10519
229000000 306.32153399108591429 9129.9499842134027858 931.64474810033539143 -7912.7342480800871272 3202.1844222996751341 5642.1945738807480666 10511
230000000 312.08405082181008083 9301.7024880684875825 662.70379320388747146 -8017.4677474612726655 3047.7913915187045859 5632.3801491464555511 10517
231000000 315.47955876444780188 9402.9060087069810834 771.76110451646400179 -7935.4896946031931293 3139.1661283994926634 5568.0846707201635581 10511
232000000 311.88166458016848992 9295.6703419127607049 804.32464899839158079 -7860.2064796398799444 2992.7850749101376095 5671.7460537281331199 10511
233000000 310.54440920639348178 9255.8132854413670429 941.87423189069966156 -7866.0191451426599087 3048.9164671188418652 5758.9769099145178188 10523
234000000 311.4001312791662599 9281.3181842416925065 843.71856025189788397 -7902.9434819516445714 3076.3954166485636961 5670.2666255549793277 10518
235000000 310.00036692153850026 9239.598040024871807 805.74092838437081809 -7876.5817022598166659 2990.3469742427687379 5691.9756564014196556 10511
236000000 312.41694958471566679 9311.6245755415238818 913.11038660928932131 -7954.8690527282251423 3127.6074802975545026 5740.37195903995962 10514
237000000 308.58209288255289948 9197.326212539755943 912.35765452106909379 -7846.5172989424509069 3123.6755198120768 5635.1994336514435417 10514
238000000 308.44195753140786564 9193.1494616260861221 1006.174883853088204 -7745.2458585515378218 3099.4732547527701172 5651.9474876518561359 10524
239000000 310.25630123980459985 9247.2261930135573493 797.9361810787122522 -7978.8180376157451974 3138.5380753653334978 5638.2161433291239518 10501
240000000 310.4663632642903508 9253.4871167956680438 849.7236789734422473 -7889.4830203215060465 3105.5549933179759137 5633.6517059769721527 10513
241000000 309.73245816201222169 9231.6129873812042206 1032.2913471299527828 -7839.8996357945125055 3135.5754783673246493 5736.6155045571413211 10512
242000000 307.46859252351930536 9164.13820106395724 690.04669585397016363 -7998.8955660002557124 3052.883450948081645 5636.0588109061436626 10510
243000000 312.84136538581248033 9324.2743392915217555 898.25405364151947651 -7894.960049537507075 3092.5978690709152943 5700.616234108111712 10517
244000000 309.51864273628854107 9225.2401930259529763 1057.8129544903033548 -7807.8597158793363633 3126.7432623290501397 5738.9294080405888963 10516
245000000 306.48837028603878707 9134.9225599531000626 919.75969895192383774 -7888.7307643676122098 3105.4089436709296024 5703.0815196486064451 10519
246000000 308.83121813863846228 9204.7514206151754479 1150.2762031214638228 -7761.2995272168373049 3141.3187528695962101 5770.2569774687053723 10508
247000000 307.21496725080925216 9156.5788694544389728 945.51144617613590526 -7916.5506773252591302 3160.7184462579839419 5701.3436772434106388 10512
248000000 310.18565172665540786 9245.1204758181102079 919.33813096170877088 -7779.8550783369282726 3072.1920270490054463 5627.0011822496317109 10511
249000000 314.5608282781769276 9375.5231366008702025 1029.1281460018358302 -7796.3101503739126201 3043.0834693834904101 5782.3548269922575855 10511
250000000 311.68615887453728419 9289.8432709563548997 866.01328019272818892 -7894.0769857907362166 3127.2591962353053532 5632.8310697481592797 10516
251000000 309.60524674088696884 9227.8214357486376684 980.29859939433538329 -7891.2907819306483361 3145.4109701153256538 5726.1784112096584067 10515
252000000 307.86180151903801061 9175.857842238558078 739.85043398886114119 -8056.9997733001364395 3123.3599246826615854 5673.4902826063362227 10514
253000000 307.69589268178503971 9170.912909486612989 766.04255232074797277 -7963.4773737934174278 3062.3536967592694964 5667.166229354897041 10515
254000000 309.95411156382300533 9238.2193935518589569 786.41406787761536634 -7860.3376519588364317 2979.1760493726892491 5667.5756704637624352 10519
255000000 311.75313919822315256 9291.8396275206832797 994.78912866787550229 -7838.7548447417648276 3112.9821934564297408 5720.5617799532101344 10515
256000000 314.00451093934805158 9358.9420317314816202 926.85037550152401309 -7779.7484532177559231 3070.9540945783619463 5635.6447341409184446 10501
257000000 307.19368349372814464 9155.9445045271841082 1111.7966137331450227 -7749.43766242136644 3113.5455296940808694 5747.6887464604305933 10518
258000000 311.60566712210624019 9287.4442046410931653 891.63895922461688315 -7872.1860418987871526 3052.3652400780829339 5711.4597610453211018 10527
259000000 309.34422736938068965 9220.0417221394964145 867.50254587946687934 -7808.2970189756724722 3044.3157827334944159 5631.4837821216442535 10524
260000000 311.93010175337326473 9297.1140176575718215 882.83693004935321369 -7890.6510201109549598 3064.0499640999687472 5709.4379860603394263 10524
261000000 310.52567640508266322 9255.2549520561697136 868.11005969267125693 -7865.4157637999560393 3020.8309407095207462 5712.6948827831065501 10514
262000000 312.53595418939471529 9315.1715220276382752 897.3927434516269841 -7893.1470984864645288 3131.7850493409837327 5658.7547925971075529 10509
263000000 308.10127749974446942 9182.9954525063822075 831.27322684838873101 -7878.4566225295857294 3085.6234941881480154 5624.1063551898259902 10512
264000000 308.24844718363692664 9187.3818625495277956 769.01226180206083427 -8031.0444721121366456 3090.1288388989219129 5709.9278950152765901 10509
265000000 313.27421012278654189 9337.1753284841979621 989.47728573689755649 -7814.9040260156107252 3095.4557966695219875 5708.9255150829858394 10511
266000000 311.76728246426586111 9292.2611692578921065 782.67844702377442445 -7935.0502737314809565 3073.5694552009076688 5644.1592655543472574 10515
267000000 307.19605504948270891 9156.015189030300462 925.0780299712625947 -7810.8204569276495022 3123.9292661553404287 5611.9692207435709861 10515
268000000 307.59052431656459703 9167.7723927496826946 764.76265868769405643 -7911.0624727298327343 3029.1900130070298474 5646.6351184104969434 10507
269000000 308.49895738318571148 9194.8483490306334716 721.31497779189703579 -7932.9538838602975375 3050.6968774772276447 5603.5719841749669285 10507
270000000 310.65481371353456552 9259.103904991017771 725.86007625422587353 -7947.9926520158223866 3091.2763133895427927 5582.5764148805055811 10519
271000000 306.35184255253460606 9130.8533345150099194 816.60636530142596712 -7931.4516424881094281 3112.8146205546872807 5635.2433872348483419 10514
272000000 312.64019804293798188 9318.2785225594379881 839.31575750575007078 -7941.5756073867705709 3087.9406700921763331 5692.9506948003445359 10502
273000000 312.2358072584133879 9306.2256068251699617 974.54064081158821864 -7838.6778379658962876 3093.1736386686375226 5720.0448401088469836 10515
274000000 313.7868992127043839 9352.4560881729303219 1084.0030468151794594 -7769.1276723074970505 3102.1470265702550932 5750.9836925524214166 10514
275000000 311.08559867324765946 9271.9435022758971172 1101.7290523609608499 -7716.3800216770905536 3136.7890668397712943 5681.3200071982791997 10520
276000000 312.48824474742792745 9313.7495363994785293 1064.348170431937433 -7746.4380923163953412 3091.5585480791514783 5719.2277146691812959 10521
277000000 308.15331750648516618 9184.5465111359535513 1008.0649569512665948 -7798.6547192287234793 3067.5755817258559546 5739.1440944541354838 10515
278000000 307.41693581663088253 9162.5985667323602684 969.26498811702663261 -7821.6997640874124045 3116.0796321799462021 5674.8851200244935171 10516
279000000 311.524551755800303 9285.026551439650575 992.74110989123494164 -7899.6495261723248404 3105.0942786886598697 5787.2963573749002535 10510
280000000 312.77611509921280231 9322.3295466896142898 1009.2108029224169741 -7841.468324007028059 3126.3009298533529545 5724.3781970760919648 10499
281000000 306.67861691936303714 9140.5928836299390241 1031.2612920212684458 -7790.6812102560452331 3120.9122708915606381 5701.0302313857537229 10506
282000000 309.36079666349780837 9220.5355719338367635 851.7971387317462586 -7865.1575343774147768 3018.226697185440571 5698.7279759237198959 10506
283000000 307.17570638200447775 9155.4086945605813526 1058.1004451724138562 -7908.3783452385450801 3203.1068980233408183 5763.3718923876185727 10509
284000000 311.35777700100533139 9280.0558099117242818 963.28572374022746772 -7784.6878579871900001 3080.6286556202549036 5667.3449261071618821 10509
285000000 305.18705037032833616 9096.136564110434847 944.75765624224754902 -7851.2669110260003436 3061.2960687841509753 5734.7284984840971447 10498
286000000 314.16113327363723329 9363.6101791510900512 735.86796084775824056 -8018.4969070141214615 3100.354607064557058 5654.0102607973221893 10517
287000000 310.82980769722757941 9264.3196216200085473 951.47251078508054434 -7904.4374377207986981 3116.7342895628180486 5739.1756589430606255 10515
288000000 312.68379720642440134 9319.5780008455312782 942.85259017170858442 -7922.8587680225728036 3158.9930107281884375 5706.7183474660923821 10502
289000000 306.50500927413150976 9135.4184869847231312 946.78269295676159345 -7816.8500869564122695 3055.3884226962145476 5708.2443572169595427 10504
290000000 308.53413324911713289 9195.8967699249169527 1009.0739126963082981 -7820.430253843900573 3163.6537526463544054 5665.8504138938542383 10507
291000000 311.29911749948365696 9278.3074564479175024 989.72330736989704292 -7951.0081343504116376 3125.8534225141356728 5814.8780192061731213 10519
292000000 310.26471568190845574 9247.4769864675872668 1101.7736454365190184 -7756.4998778539747946 3087.0121875253753387 5771.261335765118929 10529
293000000 310.38867378630072835 9251.1715726055390405 699.2804474211473007 -7919.2640471275990421 2999.4898617229519004 5619.054632825794215 10510
294000000 308.6093907796904432 9198.1398296312254388 868.02288372837801944 -7853.6423018696032159 3069.9949898722643411 5651.6701957257164395 10510
295000000 308.32954863209579344 9189.7991009278739512 876.47457724962555403 -7829.4510833297290446 3107.202859029740921 5598.7228015496129956 10504
296000000 312.18438799161350516 9304.6930494238295068 1012.365767080892283 -7774.8368177631691651 3075.3127926555971499 5711.8897921884654352 10515
297000000 308.01024333527175258 9180.2821683383972413 1041.3476286595441707 -7783.0400442507834669 3156.7558532853290671 5667.6318196249976609 10508
298000000 311.30621784878155722 9278.5190832085827424 1064.1173300516693416 -7819.6166651771554825 3120.5775508840579278 5763.1564443447668964 10514
299000000 311.87150282575083793 9295.3674696060825227 963.78385577448648291 -7792.267786017851904 3033.1527168706907105 5722.8989249216474491 10513
300000000 310.57925223818921268 9256.8517861744003312 945.16951702372523414 -7773.7221581373596564 3041.4600244669391031 5677.4316506941459011 10495
301000000 311.63437592031056056 9288.2998738077276357 1126.336861382997995 -7788.3646121565461726 3180.2204759140804526 5734.4809976254637149 10503
302000000 309.55731976334487854 9226.3929664466177201 963.71526849492749989 -7779.2275124644465905 3101.0405267098449258 5641.9022542495295056 10509
303000000 313.7168042947688491 9350.3669007542048348 1007.3058943715191162 -7924.8701041890635679 3184.4128423891625062 5747.7631561714206327 10515
304000000 311.12841225889849284 9273.2195663205748133 903.21458381803404336 -7852.3550182819381007 3088.2773468658997444 5667.2922552340723996 10526
305000000 310.37191055189771305 9250.6719423977665429 901.95579446480905972 -7919.3573341866103874 3140.665960698580875 5680.6471679528376626 10517
306000000 307.04378605099276456 9151.4767933052389708 1045.4750125911048144 -7813.5676579686569312 3133.9817227058424578 5725.0609478539181509 10509
307000000 313.82663584497475995 9353.6404432538256515 1140.2093957161202979 -7646.1872615902320831 3038.227033079985631 5748.1696242263669774 10523
308000000 310.81177977035900994 9263.7822971019286342 985.09437539518364702 -7842.88531908236655 3092.8112211076440872 5735.1684733699057688 10514
309000000 310.43929444816626528 9252.6803274912253983 1064.4359668022875667 -7782.9060959874977925 3183.4272140676530398 5663.9148487221318646 10517
310000000 306.65637559387687361 9139.9299782617617893 921.11214946922723357 -7941.9552785132918871 3075.3918366919456275 5787.6755912905737205 10518
311000000 311.19325203225093901 9275.1521235260152025 1028.1081403027922079 -7824.5323506089298462 3111.0403691499268461 5741.6001217617949806 10521
312000000 308.61657951517986476 9198.3540907529059041 947.62465154611140861 -7882.268729985441496 3026.5343075631872125 5803.3590739683659194 10513
313000000 308.29991541233675889 9188.9158792661564803 958.79922987890029162 -7820.988560728842458 3117.946228298387723 5661.8415623093551403 10504
314000000 312.39416765625281869 9310.9455574369221722 766.42473468987668639 -7936.2577393949732141 3056.7759233601318556 5645.9065507247178175 10513
315000000 306.26450725220064442 9128.2502954353985842 825.65374092169395226 -7865.7452590553111804 3127.5933977800609682 5563.8056021969441645 10513
316000000 310.13011090011337956 9243.465074835345149 1116.3506445404038914 -7844.2886261326739259 3163.2646158032443964 5797.3746548698327388 10513
317000000 307.88209667659697288 9176.4627418387281068 1024.0732585794273746 -7752.963026704335789 3090.7725067665883216 5686.263778517175524 10517
318000000 311.42046168373570936 9281.9241343832291022 903.55201049527750001 -7791.4902659650415444 3110.2462479809460092 5584.79602847937349 10515
319000000 305.57811652230458321 9107.7923375767750258 977.08443199194266526 -7793.4772514417409184 3111.8214518301501812 5658.7402316035340846 10522
320000000 317.35747215933088228 9458.8774422088317806 859.23391494506040544 -7925.7681040738334559 3157.2709112509833176 5627.7311077679114533 10505
321000000 308.75187943696084858 9202.3867211156302801 723.1556136829785828 -7943.1313365031983267 3080.8684931322150078 5585.4184570539619017 10512
322000000 312.70405866244891513 9320.1818959674346843 813.47288533360108431 -7849.247171142775187 3078.4151151631276662 5584.3049413132484915 10521
323000000 305.4413132853130719 9103.7149007242696825 824.28975400738590906 -7930.3355353518018092 3061.2174873242311151 5693.4078020349561484 10510
324000000 310.46187849624357113 9253.3534477472530853 826.34239675811272718 -7897.4177072818547458 3054.0263702852066672 5669.7337337547614879 10518
325000000 312.84460886460800566 9324.3710115652338573 965.32438970053726734 -7846.069378230617076 3105.4393189238858213 5705.9544490072685221 10516
326000000 311.17007107251612297 9274.4612122465896391 854.73394211131176235 -7868.5149121512040438 3111.7586607589660161 5611.4901935035504721 10518
327000000 308.74177903670999967 9202.0856774772364588 988.22965531408067363 -7897.6952905086400278 3148.6904413173615467 5737.2345045053589274 10515
328000000 308.38087264669252363 9191.3288193258977117 1150.5435868525610204 -7684.6128718492991538 3123.5185374332686479 5711.6379212685915263 10500
329000000 311.02413529232558176 9270.1115788509650883 805.58286682942639345 -7846.6123622200357204 3003.9003034535217012 5648.2949255959410948 10523
330000000 313.59260236527961752 9346.6650473800564214 951.69791687357815135 -7779.8322856480517657 3101.8670617167813361 5629.6631408048488083 10517
331000000 311.69849127093760899 9290.2108395071300038 916.01467246625213647 -7845.9976729473291925 3148.3774333185001524 5613.6349120950817451 10523
332000000 311.10559322411518224 9272.5394422576500801 779.49169506184910006 -7967.0209022139133594 3031.3760555942026258 5715.13654168155972 10514
333000000 310.21686391811658723 9246.0507589203953103 960.55186082007435289 -7867.3548044623894384 3119.7545728864633929 5708.1520923960006257 10520
334000000 311.27758700428819338 9277.6657374616333982 1111.6861504574578703 -7752.009027033059283 3121.8902757322148318 5741.8049017583016393 10508
335000000 314.32712116919367418 9368.5574682452333946 919.96657728957848121 -7899.8750688855943736 3118.8886776129065765 5700.9529685622665056 10512
336000000 306.28252835048931502 9128.7874164268378081 932.25705647384472741 -7865.3331038967626228 3100.7963134460910624 5696.7938469245164015 10510
337000000 309.85862907588091275 9235.3735265704508492 741.81696679305218822 -7936.5682522260613041 3003.9708912974128907 5674.414327721700829 10519
338000000 306.86523900471712523 9146.1551772207058093 837.7316229585687779 -7908.7201304084810545 3122.1303117143529562 5624.3214416526971036 10520
339000000 311.05949101707284399 9271.1653604587827431 983.6844496241097886 -7866.8707124471820862 3100.7333858021847846 5749.8217762691065218 10520
340000000 316.81302136561049565 9442.6500211367056181 940.13023932962266827 -7845.8316153174891951 3115.6466725858044811 5670.315182061307496 10522
341000000 308.96119847663510427 9208.6255001465051464 843.04885612051145927 -7869.5663824268776807 3034.4361943918302131 5678.1790441555585858 10528
342000000 312.96987216784970087 9328.1044993111099757 798.52187217194864388 -7867.9051124114103004 3074.9310505175130857 5591.495934065846086 10522
343000000 312.73805644581125307 9321.1952039697425789 892.71056381104540378 -7833.7925023190200591 3041.5409457975888472 5684.962120332475024 10516
344000000 310.43420534846075043 9252.5286462653875788 880.88081023119730162 -7917.4653398408054272 3057.5807398890774493 5740.7654101829248248 10510
345000000 307.85551510579915657 9175.6704749395539693 884.87031692710297648 -7944.7941970989195397 3117.4761153334470691 5712.1883986925759018 10508
346000000 309.59331546998032536 9227.4658227912113944 948.15963402176430463 -7797.3466171827103608 3071.121806570289209 5674.3844446341854564 10513
347000000 309.58371101637374068 9227.1795609019100084 876.93786767425581274 -7898.012699118371529 3069.2853576741335928 5705.6652091184932942 10506
348000000 308.81398976286379821 9204.2379268131480785 949.25532155185680949 -7896.1221215693221893 3093.358426018150567 5752.0190171030280908 10514
349000000 312.29627954792971423 9308.0279906521282101 1090.4188266604760429 -7749.960425868589482 3141.0856118689980576 5699.2936406600674673 10497
350000000 306.90631167968433601 9147.3793532140898606 1075.4844598848042097 -7654.6981604527572927 3094.3707637344914474 5635.811856603070737 10512
351000000 307.69101042867777096 9170.7673933483929432 908.93524208653661844 -7746.789944315170942 3007.3183391628354002 5648.4068472388717055 10516
352000000 312.08666514839495676 9301.7804083852588519 849.3863621362872891 -7893.6350712351149923 3021.1918778492963611 5721.8295555221066024 10504
353000000 312.2904150673268191 9307.8531991058389394 878.29033935549762191 -7911.7048333372813431 3074.6800255191119504 5715.3151471736673557 10515
354000000 308.55269665052776418 9196.4500543258127436 860.08054901680316107 -7917.2474877905842732 3106.0456143908691047 5671.2824224165178748 10507
355000000 314.09320044227064272 9361.5854329813319055 892.81927770071115447 -7795.6170537507923655 3029.6194360893141493 5658.8168953621889159 10508
356000000 306.92501737189161304 9147.9368786092109076 910.03028683446132163 -7808.5134008767399791 3143.4306346530338487 5575.1130530581667699 10512
357000000 312.25364717845457108 9306.7573277772553411 955.68373597557899757 -7837.6016596861882135 3065.2162829916624105 5728.0691126701049143 10513
358000000 306.59207431305406999 9138.0134708906207379 1015.7138250818350116 -7715.3243857420357017 3113.5879932495540743 5617.4502175743164116 10507
359000000 311.9104034898805935 9296.5269085564887064 961.55751684622623543 -7899.9470991444968604 3111.5243807229821869 5749.9802352677406816 10521
360000000 309.65478849537163342 9229.2980336707023525 917.17869647122006427 -7782.3705909685677398 3055.2988669860997106 5644.2504204536871839 10510
361000000 312.22375706387055061 9305.8664493345331721 1002.8408236093121104 -7795.0620533557648741 3064.1868802897488422 5733.7159966753288245 10508
362000000 310.80213860500509782 9263.4949410146055016 927.02278898338772706 -7876.1093719898062773 3126.787856739894778 5676.3443042333001358 10521
363000000 309.1632345634168928 9214.6472098947269842 1077.9405720833099167 -7735.5622724435215787 3161.0481376867028303 5652.4547068401288925 10503
364000000 315.55003993595255452 9405.0067084595666529 854.52857800165907065 -7835.9808514789838227 3066.1738700672149207 5624.3355594134272906 10509
365000000 312.68099596364339732 9319.4945094691629492 1065.0822277038369066 -7748.8317670561136765 3107.6192692105646529 5706.294725549386385 10513
366000000 311.43063972887091495 9282.227492236694161 1149.5969760580849197 -7703.9518867369060899 3144.7325575315171591 5708.8163052634736232 10515
367000000 308.79089124668769273 9203.5494727738587244 1093.2816778650358174 -7708.3479323954015854 3049.403828696583787 5752.2257815638531611 10516
368000000 308.6446026401946483 9199.1893233480586787 1014.3936351591707989 -7821.1074630508046539 3080.6038330914298058 5754.8972651185449649 10504
369000000 311.20693743537572118 9275.5600186041538109 1021.3469715089197507 -7830.2070574398539975 3094.2591419124792083 5757.2948870362943126 10499
370000000 308.03651959999183418 9181.0653355533850117 1018.7759416082708412 -7801.5269079918580246 3083.0693955227125116 5737.2334540774163543 10515
371000000 309.51582148766550517 9225.1561053730674757 794.19116265044453939 -7956.2673242541004583 3101.8652544547558136 5648.5932324497880472 10520
372000000 312.94547867296068944 9327.3774482762873959 813.74877581409668892 -7946.7307321558992044 3065.2514044622512301 5695.2281035077448905 10528
373000000 307.610512121014267 9168.3681316536440136 1045.5489445926623375 -7735.9118566754914355 3106.9105210284660643 5674.5502802396886182 10520
374000000 309.74455895805243699 9231.973653055525574 1086.0146852306879737 -7856.5384035010374646 3208.6180257264268221 5733.9350630052986162 10524
375000000 310.22020908555077767 9246.15046203615384 921.65077027904158058 -7909.5105204152969236 3076.0558708803682748 5755.105419813970002 10527
376000000 307.67677880873236518 9170.3432182125397958 1046.3120559566041265 -7813.0680456458121625 3114.0923417913040794 5745.287759811113574 10522
377000000 310.71824145593205913 9260.9943764448380534 1071.0236472638830492 -7848.2190668591920257 3120.2707294010256192 5798.9719847220494557 10512
378000000 308.71394889026066721 9201.25619663132602 1097.8402604193643128 -7658.6569222957959937 3098.0729013771956488 5658.4242813379651125 10509
379000000 309.78640516303204322 9233.2208842035142879 1200.308747165641762 -7650.6185211301917661 3141.2328285041976415 5709.6944397916377056 10509
380000000 308.54922933487432601 9196.3467105677591462 1033.5466740364870475 -7859.7927463086325588 3136.874855353537896 5756.4645649915819376 10515
381000000 315.1776032127157805 9393.9061873465634562 975.14618803322537133 -7784.70247829784239 3091.1747074646405053 5668.6739588664277107 10515
382000000 309.78561278275367386 9233.1972672144765966 1097.4950595170398628 -7687.9890558894476271 3113.4029355982402194 5672.0811798082468158 10516
383000000 308.68458257866751637 9200.3809301994388079 1130.8169412247427772 -7723.3849812737225875 3159.4914560856423122 5694.7104664128237346 10518
384000000 307.94260214442192591 9178.2661145491474599 974.61583954224897752 -7785.192603309515107 3092.2584362737925403 5667.5500065779715442 10511
385000000 308.86423109645147633 9205.7353757741111622 849.21209948519788213 -7983.7871323122944887 3081.4038611880132521 5751.5953706094805966 10512
386000000 307.45240204106795545 9163.6556417966567096 923.87403919441021571 -7912.4925365334529488 3143.3624755358373477 5693.004100192025362 10510
387000000 307.53232611494581761 9166.0377883846958866 960.30116601039605939 -7868.523943177808178 3070.3580062824007655 5758.4671029058044951 10521
388000000 309.2081845395292703 9215.9869493128153408 1008.7774394774723987 -7804.7756946639228772 3087.3039889059987217 5726.2491452353970089 10517
389000000 309.77442266638820456 9232.8637444568594219 1074.978900393909953 -7766.0928680221586546 3127.3454360539217305 5713.7263323621473319 10508
390000000 306.67393766555562706 9140.453417910150165 880.30169573679745554 -7917.3953746825036433 3067.0153449732397348 5730.6817254460620461 10514
391000000 307.07533635200667277 9152.4171538032114768 1264.2859659905566332 -7770.6986103103390633 3128.0599648620218431 5906.9246114388733986 10519
392000000 306.90795942149156872 9147.428464355873075 985.83414972086382022 -7867.2016866801077413 3135.0706318587381247 5717.9652045422335505 10511
393000000 307.92630924764148403 9177.7805028105103702 942.30675187560837003 -7882.906533376488369 3147.7670487896848499 5677.4462364624123438 10510
394000000 309.74555509565851708 9232.0033430561034038 997.18399208224991526 -7923.8359390909627109 3176.7186910551095025 5744.3012401181040332 10513
395000000 309.3202780328288668 9219.3279092970751663 1037.6462511375389113 -7761.3360291429644349 3101.2763220171914327 5697.7059582633119135 10515
396000000 313.14982826773928082 9333.4681124072558305 1074.4592497176481629 -7819.902046589978454 3137.368583801546265 5756.9927125060803519 10515
397000000 311.31526835723821023 9278.7888346963882213 700.85700321306296701 -7875.6976183220176608 3000.0336533282734308 5576.5209682068079928 10494
398000000 309.21911776745599809 9216.3128154797705065 998.1994352801190189 -7771.987117838296399 3063.2722073122586153 5706.9143458061571437 10510
399000000 310.13218021624464882 9243.5267510503144877 934.87068960258670813 -7823.9851422211295358 3099.9896232978358057 5658.8662085258802108 10508
400000000 307.55152072041812517 9166.6098858981986268 993.01953299035403688 -7787.2578636630441906 3070.0681244284396598 5710.2092722249581129 10510
401000000 314.48429525473210333 9373.2420606768646394 856.63168861454551006 -7947.053373531395664 3103.4337113045239676 5700.2513508414176613 10506
402000000 310.29674509154637008 9248.431626855443028 928.14531643868554056 -7914.2242257197140134 3102.7934784832650621 5739.5760636751338097 10513
403000000 308.16143780255032425 9184.7885375320947787 978.06110642395947252 -7800.4871828035866201 3093.5429701820403352 5685.0053190455055301 10502
404000000 309.52686691899424432 9225.4853157758479938 863.50914393776770339 -7861.6211081887358887 3026.7249409767696307 5698.4053111497332793 10510
405000000 311.50409327313195718 9284.4167839150450163 820.82602290169006665 -7930.9414369253136101 3076.0364912999712033 5675.7309685270338377 10519
406000000 308.69615333828824078 9200.7257980748381669 968.38951691485192441 -7927.6726790544225878 3088.5856320468110425 5807.4765639224624465 10525
407000000 309.33644991304976202 9219.8099141226703068 961.06937681093018 -7842.9243318652761445 3137.4745564020904567 5666.5191522741170047 10521
408000000 306.61746139824879265 9138.7701360034279787 898.87521389840480879 -7846.8460118392704317 3055.6940185494286197 5690.0272071882463933 10511
409000000 306.60707599157353798 9138.4605977144437929 1051.1203886342370879 -7789.8382580490942928 3109.8474207560229843 5731.1112259273086238 10511
410000000 305.8101036090032494 9114.7067404623521725 1019.4623053722691566 -7852.0842512895251275 3094.7485821424079404 5776.7979745193861163 10512
411000000 310.96392429571494631 9268.3169828903337475 938.10452516898419617 -7837.8340664082188596 3086.0186888805055787 5689.9199026966980455 10519
412000000 312.81254441152327672 9323.4153267032506847 983.24620995181828675 -7812.2627235702857433 3122.7828469043565747 5672.7260866177475691 10498
413000000 311.51012632182943207 9284.5965996535687736 1029.9953774153791528 -7808.9423940073756967 3084.7136976064894043 5754.2240738162654452 10514
414000000 313.31616454871891619 9338.4257851706352085 950.59788499865373979 -7792.8426877952488212 3082.0802647162945505 5661.3603080776083516 10520
415000000 311.70043571770935387 9290.2687939758925495 934.78082568630031801 -7883.2525171759698424 3087.23970789106761 5730.7936349712035735 10516
416000000 310.7744458458980148 9262.6695550148742768 1090.4734660557683128 -7715.2904480355682608 3083.4977165770769716 5722.2661975142600568 10525
417000000 309.06803089860346745 9211.809653270040144 866.65731333086603172 -7939.5815756066604081 3102.7086099946836839 5703.5302789428424148 10522
418000000 308.79316175953880474 9203.6171456811443932 884.74811246156559719 -7970.6714455933997669 3108.3161467623385761 5747.1034112926263333 10508
419000000 313.1898430530953874 9334.6607578741623001 710.61159444185818757 -8012.865443905846405 3039.8941110916639445 5683.5829272560404206 10508
420000000 313.71224966481156571 9350.23114946318492 977.78407389297694863 -7874.5609453437518823 3094.284327454915001 5758.0606917818140573 10511
421000000 311.05099205123082129 9270.9120477646192739 973.34725690650998331 -7806.1601086761820625 3067.2654536258296503 5712.2419119568621682 10519
422000000 310.55461691491660758 9256.1175274156594242 990.17228001261457848 -7915.8314036099855002 3133.666849243865272 5772.3368343787351478 10508
423000000 310.14640419947494365 9243.9506985729603912 902.54430996058204073 -7923.0433122590638959 3139.6284622836747076 5685.9591599359700922 10512
424000000 309.03453644749066598 9210.8113471456745174 865.61101300832319794 -7974.292223003003528 3116.1595735140867873 5723.7436624972397112 10510
425000000 310.35240643117356285 9250.0906197451349726 843.6704149962606607 -7932.4669358716128045 3115.373244879208869 5660.7641059886645962 10512
426000000 306.02405610264537472 9121.0836201433176029 1044.5293382960626332 -7797.0292161743182078 3110.5909498967093896 5730.9676045736714514 10515
427000000 308.41120448771971496 9192.2328634781297296 929.85218940066101823 -7792.1196284730294792 3077.4871843849641664 5644.4846334887261037 10510
428000000 311.18203723264787186 9274.8178650815461879 1183.5962054404999435 -7691.8799355317360096 3061.3189342958676207 5814.1572066763674229 10503
429000000 314.10650843107566743 9361.9820791804977489 992.86847715121064084 -7903.1115056047838152 3184.9674286964991552 5711.0125540594945051 10514
430000000 308.8502626324469702 9205.3190440325724921 1017.4039358446498227 -7803.2462889051121238 3076.5085585619149242 5744.1416661878465675 10501
431000000 311.13426222322573267 9273.3939252075306285 983.32579243634950217 -7847.898949566059855 3113.673014748645528 5717.5517272537636018 10510
432000000 310.49639896936463401 9254.3823345803793927 969.68721043058803843 -7832.6434551964757702 3083.2116560415661297 5719.1190095854972242 10507
433000000 308.68322390124723142 9200.3404346563074796 1097.69524547644005 -7815.0312134645191691 3114.8516364389643059 5797.8748225019944584 10511
434000000 312.00449888753098548 9299.3314331457313529 1069.5040636821063345 -7783.1430666312626272 3094.1211074977272801 5758.5260228156421363 10510
435000000 309.73662485942116973 9231.7371762961902277 879.42315190798603908 -7960.8334415728777458 3156.5515930000874505 5683.7050004807751975 10512
436000000 309.25250914963635296 9217.3080496222682996 1078.3533371340918166 -7732.8918756852526712 3109.6927702634056914 5701.5524425559387964 10522
437000000 307.25097343766140057 9157.6520381631453347 939.14306373516126314 -7889.9746192578104456 3122.1378575264047868 5706.9798254665656714 10509
438000000 305.60604774367766368 9108.6248309728853201 909.88109560036559742 -7872.9248702243767184 3070.497018110805584 5712.3089477139374139 10524
439000000 311.46367064113832157 9283.2119825302925165 972.96373150538693153 -7823.1482649770714488 3069.6075956040012898 5726.5044008784570906 10520
440000000 308.09767095126449021 9182.8879588972686179 1068.2421147360655596 -7769.5074323851767986 3083.9018798924444127 5753.8476672287979454 10520
441000000 311.44504915762519204 9282.6569669853797677 1061.3663651844433389 -7860.404777516854665 3119.3921000078821635 5802.379042693415613 10515
442000000 308.77326039708384542 9203.0239831911821966 1024.3402531494866707 -7816.6779406091172859 3074.5945122032703694 5766.4236815553340421 10515
443000000 309.30581674655087454 9218.8968889286898047 966.36594598757733365 -7862.4407608934998279 3043.5031646876332161 5785.3035421934437181 10503
444000000 313.31746307972451859 9338.4644880426785676 1133.5902893568663785 -7752.5088201463604491 3116.1052892184861776 5769.9938202847415596 10515
445000000 309.72233869461609856 9231.311375444263831 968.28217330990980827 -7827.485289253625524 3113.5574015105062244 5682.2100610530287668 10506
446000000 308.62812430245622863 9198.6981845194732159 960.49663482974483486 -7801.2940527450664376 3127.0565447825174488 5634.7341427922947332 10507
447000000 308.64629292469544453 9199.2397024799138308 885.26369096309872475 -7943.0011304128147458 3148.7607353190815047 5679.5040860568315111 10508
448000000 309.90827089467421729 9236.8531069212112925 885.28612271047632021 -7808.9639296877139714 3123.0661877476541122 5571.1838646505357246 10519
449000000 311.03908914330583002 9270.5572801692560461 906.02969143554287257 -7924.3536189401384036 3093.8711019245420175 5736.5122084511385765 10519
450000000 306.78123283885781802 9143.6513633925751492 848.4726287240766851 -7887.7030903287031833 3071.6931797021634338 5664.4825393506162072 10517
451000000 308.30371115577548835 9189.0290118536613591 959.02885532450477513 -7855.8394825010582281 3140.3276269959274032 5674.5407108296367369 10525
452000000 309.72986349128041184 9231.5356529094860889 1138.1261582485781219 -7784.9470263121747848 3161.9556504877800762 5761.1175340729732852 10512
453000000 309.70513032463878744 9230.798477917422133 964.91666599031327678 -7791.5640981861370165 3112.1274870216238924 5644.3532771548261735 10520
454000000 307.2220363163185084 9156.7895637980382162 1083.9704386082912606 -7835.5573249304798082 3168.6788383395519304 5750.8489251992195932 10513
455000000 308.85160254441922234 9205.3589802692804369 881.65487463495935572 -7884.346604271938304 3040.5744106379165714 5725.4270682689802925 10514
456000000 308.03498361628999191 9181.0195553753092099 882.98053342198659266 -7829.6006008583572111 3057.3520024199419822 5655.2291318604011394 10510
457000000 306.47268552174165279 9134.455073675915628 942.63525490059896583 -7881.1715714399524586 3109.2499246081197271 5714.55690173243147 10519
458000000 309.72169461244504873 9231.2921784980662778 900.23030980166845438 -7846.7474736530402879 3116.5331026591329646 5630.4446807955755503 10514
459000000 318.58936714022655678 9495.5942195598745457 973.39896536057187859 -7810.4592018825196647 3102.1421301986633807 5681.7160370444289583 10514
460000000 310.7743469122644342 9262.6666062860840611 976.20384513651094949 -7865.6154656961443834 3031.3435283069766228 5810.475782525678369 10526
461000000 311.40407996651072153 9281.435875340612256 947.02219891130596352 -7832.2607696580143966 3124.3068189146019904 5654.9761496547180286 10519
462000000 309.48366586905979148 9224.1977033118200779 813.70208191728795555 -7855.8555951724956685 3014.1807291128579891 5655.3769479769262034 10527
463000000 315.54728763323703333 9404.9246757477085339 909.83618065323844348 -7883.8643046177039651 3074.6329354316781064 5719.0675498392647569 10520
464000000 310.4409433912741747 9252.7294744379178155 981.82919600410912153 -7874.267881034173115 3128.3391497451984833 5727.7579272930834122 10517
465000000 311.66065438765531326 9289.0831066722057585 715.28112088648936151 -8032.323052656100117 3067.0367684093343996 5680.5674051332543968 10513
466000000 310.84429952309773171 9264.7515522245939792 824.80536047920327292 -7906.9977897350763669 3081.0392316461402515 5650.7639185681382514 10518
467000000 309.76231344340158103 9232.5028276163902774 897.19048197603797234 -7983.4340191317323843 3150.9056677493649659 5729.7188333584053908 10514
468000000 310.70062935946799598 9260.4694458017365832 626.80498083503584894 -8062.5652301241516398 3087.5903223908358086 5601.7798885683514527 10517
469000000 312.37568506488025832 9310.3946815888812125 965.66725791463295536 -7866.3508555736234484 3116.0673668200779503 5715.9507466681789083 10521
470000000 307.13480293242247399 9154.1895623500568036 867.77605554938713794 -7844.2451634150929749 3062.0485185901420664 5649.9727003743373643 10521
471000000 316.55687625581600741 9435.0155854812855978 943.09792930719117976 -7871.0873145976911474 3085.822464268811018 5728.362779636070627 10520
472000000 311.20394703701248318 9275.4708894230170699 1031.2704811013786639 -7701.9667120931480895 3036.0810588090544115 5697.1561343854727966 10513
473000000 308.22317542898866805 9186.6286348774629005 1106.547955180303461 -7779.7944070872381417 3148.8297008764347993 5737.5126613911061213 10510
474000000 311.44535412562368037 9282.666056593076064 1125.3808995853787565 -7804.295512950758166 3123.3753246430082982 5806.301087893129079 10511
475000000 307.96794212016868642 9179.0213755592212692 846.34107612718855762 -7832.3995597785706195 3040.249258456701682 5638.4913774490578362 10510
476000000 313.32391084166664541 9338.6566643590958847 1111.4259512154544609 -7668.2364182479595911 3073.682373562835437 5705.979995900578615 10521
477000000 308.88831958809788603 9206.4533361507837981 873.41509366030618366 -7850.5871747279725241 3012.6243656232600188 5711.3779027650180069 10513
478000000 309.47504169984142663 9223.9406589160407748 1098.0899187456018353 -7717.3030688290937178 3084.9093384866346241 5730.4836490880607016 10506
479000000 309.89067648075928219 9236.328703308603508 976.11784621639662873 -7820.5504550885543722 3093.1297280476592277 5703.5385732572913184 10517
480000000 313.61712128448164094 9347.3958367015402473 968.30517916033090842 -7900.764657394558526 3152.2261147617155075 5716.8437217931732448 10512
481000000 317.39561256750687335 9460.0142216395397554 928.62975264814019738 -7843.3159826041646738 2996.7644036583283196 5775.1813315939762106 10524
482000000 310.23476827550086909 9246.58440043520568 945.98310099718719357 -7968.553649067556762 3123.3987102175510699 5791.1380398471937951 10521
483000000 312.12294049482818536 9302.8615994274950936 757.54440660402156027 -8023.613015412560344 3079.1392147272645161 5702.0182072893176155 10520
484000000 306.67612450898838006 9140.5185970404072577 818.94906775192293935 -7938.2275777156164622 3038.9098288752820736 5718.2668165922577828 10516
485000000 308.0337468769345719 9180.9826942107956711 850.92081659993880294 -7882.7824325645096906 3116.8535696199669474 5616.8496795444816598 10519
486000000 309.82123798585894292 9234.2590806570078712 881.74971229340098944 -7905.9563793608231208 3083.2998695492351544 5704.4062221049880463 10510
487000000 306.8290332113544423 9145.0760592160622764 921.38446283297207628 -7846.2334667786672071 3075.3412749208569039 5692.27665469078147 10508
488000000 314.09676968139973496 9361.6918145807758265 1000.7926166134761843 -7822.1590975128310674 3130.4183743117696395 5692.5333398145376123 10513
489000000 305.41464726978017552 9102.9201169396583282 996.65438254196669732 -7788.4273108369461625 3100.4805901283252751 5684.6011032505866751 10511
490000000 310.7103884919876009 9260.760317914553525 992.28461164511350034 -7807.4803149543549807 3097.0947716407445114 5702.6701549587251066 10520
491000000 311.87631543673387569 9295.510910052453255 1005.9333670392963995 -7773.2119249237193799 3103.3211820641072336 5675.8241098989083184 10509
492000000 308.91699777628821266 9207.3080929822881444 1093.1305385560010563 -7710.0984735502297553 3085.9259360207624923 5717.3030760854690016 10513
493000000 312.8581885901919577 9324.7757569116201921 990.17438067202510865 -7717.19993357412568 3042.0584781147854301 5665.3158361313653586 10515
494000000 304.07997900799290392 9063.1401696507109591 930.03610629395575415 -7801.1432170555544872 3077.8854418046080355 5653.2938815449015237 10515
495000000 311.34630195716903245 9279.7137948567360581 937.30714607222876111 -7889.9656419305028976 3167.6463289998969231 5659.626459002834963 10510
496000000 307.20699940156896446 9156.3413867541603395 997.786460173397586 -7762.0119825719984874 3120.7313520597854222 5639.0670906856103102 10508
497000000 309.18847671876505956 9215.3995553561107954 1055.0699518967232962 -7777.2033998435126705 3119.6767029620923495 5712.5966487781442993 10501
498000000 309.78874550021384948 9233.2906382333330839 1128.5021740905249317 -7798.9752235136329546 3142.4238762214540657 5785.0535213827042753 10502
499000000 309.84492539547255774 9234.965086735686782 1123.8076585791156958 -7719.3513255288471555 3133.878606430180298 5709.2803776777836902 10515
500000000 307.16084293587033471 9154.965687769547003 1072.6423963300578635 -7758.3257762662597088 3160.301106922604049 5670.6670656737132958 10515
501000000 314.27122436930625327 9366.8914574343034474 916.67176267820696012 -7861.293131141656886 3109.1059454926944454 5668.8589483271698555 10516
502000000 314.25747663320623815 9366.4817045143754513 990.80153589505334821 -7845.1127066750850645 3128.9028652273022999 5707.0113773428356581 10520
503000000 307.68502856229690678 9170.5891031049432058 905.57824566078488715 -7891.7432266875221103 3084.2257928778408314 5713.0956794704670756 10527
504000000 311.70371296950281703 9290.3664728578514769 921.04619750039069004 -7856.2587190906488104 3083.4572914508103167 5693.8476251402289563 10509
505000000 309.8304758153790317 9234.5344152715297241 1081.6007654573643322 -7712.0420216231213999 3085.9904836398654879 5707.6523034406200168 10520
506000000 308.84313433583650976 9205.1065842989119119 988.23253351057246618 -7654.2900325183964014 3036.0466461677851839 5606.4759198611827742 10508
507000000 307.4611693495157283 9163.9169524743010697 1025.1096079250651201 -7729.454970473292633 3076.6767342770090181 5677.8878441213491897 10519
508000000 310.39613410197506482 9251.3939282071369234 967.6903108669911262 -7737.7230582944721391 3085.0316110064131863 5620.3817581550501927 10511
509000000 314.16558564474678406 9363.7428826049144845 990.1429372838283598 -7894.7085002255207655 3148.2440514234340299 5736.6073860859150955 10514
510000000 307.519454425420804 9165.6541461377910309 971.34891939391582127 -7814.221776768030395 3130.7812103910709993 5654.7894857708761265 10508
511000000 309.2913044318038942 9218.4643476506771549 830.4283569918785588 -7903.4473071103147959 3113.5602523149541412 5620.3154117872400093 10514
512000000 309.87903190615401172 9235.9816353687547235 832.84176593512290765 -7891.8333907202122646 3034.0620177413165948 5690.6131389140191459 10512
513000000 308.57752595094689241 9197.1900945966226573 964.56194461771247006 -7797.9326702817870682 3072.9984142020912259 5689.4962006974083124 10519
514000000 310.78855328415608028 9263.0900289006749517 883.92554582052275691 -7753.7723147204105771 3005.9301439029604808 5631.7677166379726259 10510
515000000 314.26363708570983135 9366.665317538590898 833.60592812614822833 -7966.4773810555107048 3100.2739323568252985 5699.8093768248345441 10502
516000000 312.12319872028314194 9302.8692958680876472 891.34168204600041463 -7886.1334068660071352 3062.020635627028696 5715.454453284977717 10515
517000000 311.91839365509162008 9296.7650563869447069 856.72146390440411778 -7833.7911473763060712 3093.7002873383435144 5596.8123239423657651 10509
518000000 308.22906014997641932 9186.8040296908438904 892.88696024477530955 -7834.2856331128514285 3066.8917432681155333 5660.2808500895116595 10510
519000000 309.59501107410471832 9227.5163604750850936 868.05486237846889708 -7930.9694086994986719 3086.0001320819178545 5713.0241389960483502 10525
520000000 311.89948232208143963 9296.2014018430800206 871.47140954390397383 -7907.3579583902155719 3155.8598467862470898 5622.9695211478720012 10513
521000000 307.35838167037388757 9160.8533533948266268 840.25659286661607439 -7823.0986012394796489 3076.5756071277387491 5586.7795869783567468 10505
522000000 306.4473352427211239 9133.6995055755342037 876.1146726518829837 -7888.6569117942181038 3114.0184689022380553 5650.7531155438628048 10515
523000000 312.44045959113566369 9312.3252940967831819 907.52511572549406083 -7846.2490368660237436 3053.5009221349464497 5700.2732304565706727 10510
524000000 307.76248926862126609 9172.8978287282079691 825.47723734162138953 -7857.3365981645092688 3027.0195934790199317 5655.7942420271101582 10524
525000000 311.57786016684548258 9286.6154150113325159 739.07049522368288308 -7839.5557306117934786 3034.5310696393298713 5544.0951561961464904 10517
526000000 307.94776430767620923 9178.4199734428002557 848.84822191181137896 -7918.1901730590807347 3085.5151059415093187 5681.523289029382795 10521
527000000 306.84559539155316088 9145.5696969792115851 1000.4498346663551729 -7767.8720834529749482 3085.0990199847929034 5683.2228981345378998 10516
528000000 309.72240526903749469 9231.3133597028627264 786.31659520596508628 -7974.7758376999672691 3088.9923382263314124 5672.1000946796002609 10517
529000000 309.35598715370662148 9220.3922239188595995 888.01495505232151118 -7862.5666447876947132 3071.0188175822704579 5679.5627822577462211 10525
530000000 304.2661511194755235 9068.6890517163810728 931.38902998914807085 -7913.1721097814033783 3139.8257891438584011 5704.735350626692707 10515
531000000 309.98306992875677679 9239.0825010847347585 969.23293330063643225 -7822.9298159795307583 3158.4654793827021422 5633.6972698974659579 10519
532000000 308.60429182390265623 9197.987854643675746 932.79816864329382042 -7849.1467074716138086 3134.6339177435202146 5647.3109583713867323 10521
533000000 312.21444201005476771 9305.5888130406347045 743.38661597036593776 -7887.7494341020210413 3039.1647916606916624 5591.9712584116950893 10516
534000000 308.58593277485692852 9197.4406609894740541 770.77062011300040467 -7881.4454639784034953 3097.9926684766296603 5554.2234156147751492 10511
535000000 309.11945044860567577 9213.3422191122590448 833.4785167167229929 -7904.2953360460442127 3123.8609021756296897 5613.9129505871387664 10511
536000000 311.2439204511027242 9276.6623018143927766 886.35885050275715002 -7851.2128668729592391 3090.5644271474793641 5647.007290228236343 10509
537000000 312.38887104164894026 9310.787691204701332 803.40805928553731974 -7931.7317106261925801 3145.3958825150161829 5589.7438873967139443 10524
538000000 312.26440217328450899 9307.0778816854272009 755.94112601754704883 -7945.2246740264381515 3053.0346776983556083 5648.1311223456286825 10513
539000000 311.36724874527516249 9280.3381163833601022 892.88746684705165535 -7830.5278592168942851 3100.1977912121910776 5623.2175348517539533 10524
540000000 307.94579290542225181 9178.3612155626651656 907.35081668439261193 -7854.9126086297719667 3125.6624791593217196 5636.600946154842859 10531
541000000 308.24969018834360668 9187.4189104535871593 1047.2079819662544651 -7714.0530819009964034 3136.0957568614448974 5625.1653070058055164 10519
542000000 309.33626692819473192 9219.8044602371646761 1007.1384412983334187 -7840.9360698086366028 3157.44634607278158 5690.6281650341879867 10508
543000000 308.4033302728611261 9191.9981715618050657 998.73549059358288105 -7785.0094321387350647 3147.4494697069335416 5636.2954530253846315 10519
544000000 308.80382090578950738 9203.9348428109387896 913.8857557719968554 -7733.4464013781935137 3033.1949998777681685 5614.1371572724219732 10518
545000000 313.74299211820766686 9351.1474319662174821 911.09578361472381403 -7823.0077552575712616 3110.2710192388931318 5623.8325196334026259 10512
546000000 308.49439482259657552 9194.7123613661824493 912.8172436652766919 -7868.0632834035686756 3067.2826646826360957 5713.5978623862101813 10517
547000000 308.01001469699787094 9180.2753537472799508 825.30236423342751095 -7786.9302116157159617 3027.5791174366636369 5584.6534584124801768 10517
548000000 313.39734176686044975 9340.8452818734403991 839.84627759283773685 -7974.8813221976579371 3086.8910719665582292 5727.8365278239380132 10517
549000000 306.39254947628865011 9132.0666092497103818 935.12928259886052729 -7882.4506933619441043 3156.6376954694956112 5660.9422804913092477 10518
550000000 308.14259320551889232 9184.2268720620631939 758.97977458698528608 -7945.5754719537744677 3154.0274149173628757 5550.5278316233980149 10514
551000000 308.32358244454019314 9189.6212779936868174 950.2923306114597608 -7882.9002281691191456 3114.9061972159320248 5718.28636156464745 10520
552000000 310.37715377353430313 9250.8282172462058952 890.28186891007908343 -7912.514807385403401 3098.7221999999146647 5704.074476295567365 10512
553000000 315.71298824557271701 9409.8634023310714838 933.9203867146468383 -7878.2324854059834252 3091.1184664932807209 5721.0344056273497699 10518
554000000 311.93664103784959707 9297.3089218140758021 595.82214026828705755 -8138.8716600684292644 3004.862178852508805 5729.8316214842070622 10522
555000000 309.10050780342976395 9212.777631305547402 956.40628173828520175 -7842.8086115475589395 3125.631470029537013 5673.5834232563065598 10526
556000000 312.73789862042070808 9321.1904999650869286 918.30395280956440729 -7900.0972887417801758 3066.8457788133096074 5751.5554627380361126 10517
557000000 312.77586061689140706 9322.321961813566304 997.71855328484093661 -7769.8903264110813325 3097.5321920613423572 5670.076687634580594 10519
558000000 313.58872731211334894 9346.5495509566299006 1084.4442770425400795 -7772.2685409055648051 3165.0014221929636733 5691.711395755140984 10519
559000000 314.78442117427562152 9382.1873496309144684 1035.7580670365355218 -7779.8684755243402833 3093.5449120341918388 5722.0816305266853306 10514
560000000 308.69155665673594058 9200.5887934309957927 985.15474751188241953 -7804.8093175605808938 3047.8653435197420549 5742.0987215527202352 10515
561000000 308.66589099106772665 9199.8238251938328176 1005.4450423182407803 -7801.7286351500006276 3120.5830307249402722 5686.5906467433014768 10515
562000000 309.9281575130563624 9237.4458299623202038 958.36371004269449259 -7815.6193963339101174 3114.0216759829190778 5659.9614303936868964 10517
563000000 311.39615028091202475 9281.19953011223879 962.28633111919020848 -7803.4117531382044035 3091.5603406573372922 5674.1377436000575472 10521
564000000 310.15844115539510994 9244.3094614848650963 835.15881557123452694 -7934.5772486485084301 3063.2857488468534939 5706.4503153728883262 10511
565000000 312.94292229436484831 9327.3012551062656712 862.64666285948806035 -7854.9068644403732833 3077.0854701137409393 5640.4680571861208591 10510
566000000 313.65152675908780111 9348.4212959901669819 970.70483735127777436 -7835.0174774866882217 3049.9841023256049084 5755.7382125123604055 10509
567000000 312.16466566049285802 9304.1052229842134693 1047.2914635111533244 -7795.8057383703471714 3084.1165649640279298 5758.9806369174730207 10517
568000000 310.82608678407831349 9264.2087193582392501 822.6727672694219109 -7902.3070909088837652 3068.6667020915028843 5656.3131560868014276 10511
569000000 312.86942760008116693 9325.1107369465644297 993.81481888967255145 -7845.1195299490509569 3109.3116888318249948 5729.622660006897604 10514
570000000 308.87056518563190366 9205.9241640602613188 912.21304972033829017 -7860.0407828236748173 3133.6457881216902024 5638.6080444223225641 10506
571000000 313.11654848577876464 9332.4762045226671034 957.07152130865415529 -7837.3181558741798654 3069.6821418406452722 5724.707535342189658 10507
572000000 309.93100648137834696 9237.5307438041490968 1029.4517072061769341 -7721.0206816899753903 3080.4681701529707425 5670.0042187431818093 10511
573000000 310.35511412607951343 9250.1713229158904142 945.23109548356183041 -7749.7784075238541845 3037.0855398858234366 5657.9239631215932604 10518
574000000 308.16224286796443721 9184.8125326031204168 788.74881115762673289 -7862.031206114725137 2984.7437553025374655 5666.0362619698144044 10514
575000000 309.29741757491689214 9218.6465506128424749 892.43740329173829195 -7891.1720768394052357 3152.1855885943837166 5631.4238915367604932 10519
576000000 311.32264435881251075 9279.0086773061429994 801.68667520821122707 -7873.9146987020067172 3034.9999472568847523 5640.6014266533329646 10514
577000000 307.85201318023609929 9175.5660996290007461 773.92651304745504603 -7867.0145668060740718 3005.5986871930654161 5635.3423926604637018 10518
578000000 312.95343751961223688 9327.614662653330015 949.63289278638012547 -7874.7319349378058178 3102.6994513851873307 5721.6653763389986125 10515
579000000 317.26038113306998412 9455.9836325503056287 1009.7946071189653594 -7863.5652892433799934 3070.8473846794795463 5802.512511682864897 10512
580000000 305.49747806306282882 9105.3888986474612466 870.10196330813414534 -7870.4459993520431453 3117.6354721101993164 5622.912490549978429 10512
581000000 308.15244420778839185 9184.5204823637723166 1065.6568810085746009 -7698.4188721911796165 3108.0272745287643374 5656.0484786709894252 10509
582000000 308.40078102250737402 9191.9221908498911944 879.95811661610571264 -7953.7768242586453198 3121.9011499266334795 5711.833790948117894 10516
583000000 306.80022452495688867 9144.2174128698734421 776.96787117110955023 -7918.2143128329134925 3102.0477037547570944 5593.1344802492658346 10511
584000000 307.37156219448837646 9161.246200493635115 799.68423508507180486 -7954.7351535030129526 3092.6702467121176596 5661.7491418759673252 10520
585000000 308.75362247748739719 9202.4386726471475413 881.26011047122551645 -7818.6831617002826533 3098.1424582994477532 5601.8008138720597344 10519
586000000 309.81984554510307817 9234.2175787936193956 949.56638381889911216 -7840.8556116245581507 3160.7406654741926104 5629.6813299692657893 10511
587000000 311.92894215822275328 9297.0794557853187143 962.98977945856040606 -7826.3187852620003468 3167.7278357786744891 5621.5807289418862638 10511
588000000 306.95899560891069768 9148.9496040304184135 998.57291935186231058 -7852.5696388015749108 3155.5680678573403384 5695.5744902960977925 10510
589000000 310.64664556848731536 9258.8604524502388813 988.50945283804890096 -7772.9062736658634094 3119.9475110372777635 5641.4682154666352289 10513
590000000 305.20815332637926076 9096.7655402413438424 902.11222908753643424 -7789.258700899372343 3078.7874823845118044 5612.5834476023965181 10509
591000000 308.60226871217503231 9197.9275555564872775 895.91876711709414849 -7895.9136130139640954 3051.0997363375854547 5740.7326437934725618 10521
592000000 310.40671375113015529 9251.7092559164811973 981.20316415931665688 -7750.6552212582773791 3051.263530301859646 5680.59485511573439 10516
593000000 311.7431123894157281 9291.5407772840699181 992.40386344352577908 -7850.0905635592826002 3096.5227003902414253 5745.9717266125662718 10517
594000000 308.36834781775650072 9190.9555153003639134 949.43156970181053111 -7799.7142869306762805 3178.2945449800781716 5570.8513116524081852 10507
595000000 312.80004615939310497 9323.0428148025948758 859.23080976772871509 -7887.112144274820821 3163.3821329620259348 5582.9608210805217823 10510
596000000 311.93227987704887028 9297.1789368944228045 887.75929388650456531 -7876.7981056956350585 3126.4974427952661244 5638.0599567868739541 10522
597000000 311.96139239515355257 9298.0466389810080727 771.88011048319981455 -7851.2923205093920842 3074.1958358470615167 5548.9765951455301547 10513
598000000 308.16890014068178516 9185.0109534132698172 955.42596391317147209 -7904.4601244878831494 3155.3653164545339678 5704.5207719465206537 10507
599000000 309.95958634982008562 9238.3825702037793235 791.01751127981981426 -7917.6753166105754644 3070.8280132963950564 5637.8648145940005634 10512
600000000 314.29142779651891715 9367.4936230005241669 762.17374703508630773 -8011.9573000857762963 3107.1331772708235803 5666.9978698500390237 10500
