# Steps Temp KinEng PotEng Epair Ebond Eangle Bonds
1000000 310.45471550909388725 9253.1399540579186578 1266.1912186588781424 -7599.2087572260825254 3093.0678909582238703 5772.3320849267365702 10504
2000000 312.66601687777978213 9319.048056022153105 1414.2541893493976204 -7448.3129250821957612 3107.5577650289842495 5755.0093494026095868 10503
3000000 310.59558817665998731 9257.3386807757688075 1207.3655319802685426 -7609.7878079433212406 3098.2695736088385274 5718.8837663147514832 10509
4000000 309.99105474009354566 9239.3204893423298927 1257.0732143577442912 -7461.5158923321168913 3047.4643960429893923 5671.1247106468717902 10520
5000000 307.57830908177669471 9167.4083162147890107 1338.8215554927974154 -7581.1548504979973586 3109.07364612256697 5810.902759868227804 10510
6000000 307.90266917152331416 9177.0759075123296498 1487.1156775338638454 -7390.7136187486785275 3066.3909019548318611 5811.4383943277107392 10507
7000000 308.09045611035725187 9182.6729197004842717 1316.4604924127620507 -7447.3845003399037523 3067.7675014288902275 5696.0774913237755754 10506
8000000 309.09719848986958368 9212.6789968187949853 1334.2935832938949261 -7553.125878771202224 3142.5152520583042133 5744.9042100067927095 10515
9000000 311.76004858576038714 9292.0455626432139979 1240.6613740029952169 -7578.7134064989968465 3100.9890602018549544 5718.385720300137109 10512
10000000 310.45913700991832229 9253.2717374191997806 1307.4690512474689967 -7524.1187340605792997 3151.5489819014178465 5680.0388034066309046 10520
11000000 309.9685063884593319 9238.6484330230614432 1162.0315360082640836 -7585.2288493165306136 3088.2491003677987464 5659.0112849569959508 10514
12000000 307.32667845205031654 9159.9084351781366422 1183.6333095560030415 -7538.8728531133865545 3111.1239553860586966 5611.3822072833308994 10511
13000000 309.93645637982501739 9237.6931786796503729 1230.813996335921729 -7548.0291103359450062 3056.3258320001796164 5722.5172746716880283 10513
14000000 314.4445961346377203 9372.0588236508647242 1370.1087171863455296 -7523.5971749430300406 3175.6461208766127129 5718.0597712527633121 10515
15000000 310.4307589702721657 9252.4259265509808756 1054.3341030917622447 -7660.7604501697587693 3027.415310528167538 5687.6792427333530213 10505
16000000 308.77964419419868136 9203.2142530282653752 1172.0181495691867894 -7544.7916600881108025 3042.7886424963189711 5674.0211671609795303 10506
17000000 309.34188299779793851 9219.9718478638751549 1340.1382500608588089 -7470.9147790673650888 3027.2517892949663292 5783.801239833256659 10509
18000000 312.50776835867674208 9314.3314399695282191 1285.7148482950233301 -7601.9898469583786209 3136.1163034556311686 5751.5883917977716919 10516
19000000 312.06595420884372061 9301.1631163530419144 1247.5116270867667936 -7563.545374495048236 3104.31836866092317 5706.7386329208911775 10501
20000000 313.81089217836608896 9353.1712013861942978 1050.3161016305498379 -7691.3062166015997718 3049.8475721758177315 5691.7747460563314235 10505
21000000 312.6652733597373981 9319.025895377906636 1025.6125704789042175 -7697.5299815358330306 3057.7744149266045497 5665.3681370881331532 10525
22000000 313.0012921272867743 9329.0409749627851852 1257.5913983376512988 -7645.7447571138091007 3109.5047629690789108 5793.8313924823814887 10518
23000000 307.49681490647816418 9164.9793725659819756 1153.6208734962717699 -7564.2524302635174536 3128.4402242561136518 5589.4330795036748896 10509
24000000 310.06652210310812734 9241.5698031296633417 1144.0835858514651591 -7596.1659295255512916 2999.6820135792786459 5740.5675017977382595 10512
25000000 308.36797168429910698 9190.9443045976458961 1280.964402292549039 -7498.9648812142422685 3109.8676866386381334 5670.0615968681540835 10509
26000000 311.28690657411823395 9277.9435083558764745 1171.2235047878757541 -7547.2854638059534409 3089.0559477189367499 5629.4530208748928999 10509
27000000 310.85342952648477421 9265.0236730683154747 1202.2081124680885296 -7681.9006165207447339 3165.1175084367914678 5718.9912205520422503 10512
28000000 314.44965247728521263 9372.2095285486666398 1197.9905140130958898 -7664.2523740262995489 3111.6775777254124478 5750.5653103139829909 10513
29000000 305.2355305976562363 9097.5815230885382334 1205.6405129514701002 -7579.6984634627815467 3176.245730261809058 5609.0932461524425889 10508
30000000 311.32085064465832147 9278.9552154410885123 1035.5097680741837394 -7714.8276912138544503 3056.9438251858964577 5693.393634102141732 10513
31000000 309.57547560175663648 9226.934103383551701 1157.23986620736855 -7553.7905674232642923 3038.0170121926812499 5673.0134214379522746 10501
32000000 313.68090847395615128 9349.2970215185141569 1359.5216239455021423 -7511.2844581864974316 3106.7465354047471919 5764.0595467272532915 10513
33000000 313.73835893408875108 9351.0093393590086635 1138.2037297847509763 -7717.2321584701967367 3120.9681192265375103 5734.467769028411567 10517
34000000 312.18954107744997373 9304.846637763957915 985.35110827821608837 -7749.8677618571409766 3132.9736763450241597 5602.2451937903324506 10508
35000000 308.54235306542040007 9196.1417625336653145 1081.9636829441808459 -7680.7689774772061355 3145.3409330231779677 5617.3917273982096958 10505
36000000 310.07221705186549343 9241.7395417590050783 1068.0739805892371805 -7724.1826441724660981 3122.2357397685545948 5670.0208849931477744 10505
37000000 307.02711672214798 9150.9799619638688455 1064.1730845206275262 -7663.832873129274958 3082.7846341120566649 5645.2213235378449099 10507
38000000 309.57333456034308483 9226.8702893879599287 1046.8407094717529162 -7824.1027765567150709 3131.8438038149797649 5739.0996822134884496 10516
39000000 311.55212330812281607 9285.8483248566608381 1085.2304859247401509 -7736.3619677259293894 3122.9916232457567276 5698.6008304049119033 10519
40000000 312.8842426237303016 9325.5523004996357486 1098.4895189017279336 -7773.2913669472909532 3164.3617052851586777 5707.4191805638602091 10515
41000000 313.85942144269392884 9354.6176219179506006 944.75636284562654055 -7814.0358716360178732 3062.6927310493765617 5696.0995034322677384 10510
42000000 311.5138816663169905 9284.7085281454983487 1111.4224543620171062 -7675.7241215673175248 3081.3177607414736485 5705.8288151878605277 10510
43000000 307.77772951884873009 9173.3520662103419454 955.14165976685580972 -7827.5404771582470858 3126.9731918378001865 5655.7089450873036185 10508
44000000 310.39382675306768533 9251.3251573967863806 819.93099963083568582 -7862.4214458745082084 3009.7614467290532048 5672.5909987762897799 10514
45000000 311.14411501623203549 9273.6875888823633431 969.5176200546148948 -7872.0805748607263013 3136.1823001129223485 5705.4158948024196434 10507
46000000 315.35471251248628732 9399.1849512244261859 924.39529988049184794 -7829.1467388259407016 3041.9390938803608151 5711.6029448260715071 10501
47000000 310.78788818444689923 9263.0702055242363713 913.39523921325621814 -7819.164142850531789 3096.8515700110679063 5635.7078120527203282 10521
48000000 314.72239595262726652 9380.3386804758902144 1060.1299425276645252 -7812.9770917365794958 3122.8367927701938243 5750.2702414940495146 10521
49000000 311.37037580260260938 9280.4313187012812705 1031.0128654861318864 -7729.3918617444851407 3079.7859157719503855 5680.6188114586675511 10510
50000000 307.00043316455833065 9150.1846553361556289 957.65655611316788054 -7703.442655532745448 3106.6735928292364406 5554.4256188166773427 10508
51000000 314.9498703458266391 9387.1185819915954198 1122.0591367839961094 -7662.8755129366109031 3079.6426923460767284 5705.2919573745302841 10507
52000000 308.81646997254273401 9204.3118497594859946 1093.4307230451058786 -7623.795310200485801 3142.2634862520858405 5574.9625469935053843 10510
53000000 311.57104679578850437 9286.4123416714883206 1067.1923348325185543 -7703.2265758521689349 3160.8318588804986575 5609.587051804188377 10506
54000000 307.33170638038103561 9160.0582931838252989 1100.422317184324811 -7627.9262074357448 3097.3266756059397267 5631.0218490141305665 10502
55000000 312.90320202177031206 9326.117387627467906 1062.5235939598987898 -7650.0133637901890324 3109.1076247316241279 5603.4293330184636943 10499
56000000 310.15386102626229103 9244.1729501878653537 1219.2478250307160579 -7762.1983851158875041 3190.5079670668824292 5790.9382430797213601 10513
57000000 305.19814105990406006 9096.4671234406832809 946.75086134782532099 -7782.3804813809274492 3036.1584304156494909 5692.9729123131028246 10517
58000000 313.97038409822323501 9357.9248771471175132 969.60466973584675543 -7723.6665655431334017 3046.462507370442836 5646.808727908536639 10511
59000000 306.31762361029359454 9129.8334348458538443 896.53657925309062193 -7845.346986696870772 3082.6452044580914844 5659.238361491870819 10518
60000000 308.82660253492110769 9204.6138519939395337 876.16372502012245604 -7828.6790825963926181 3033.1556134523948458 5671.6871941641193189 10510
61000000 310.13747968184384263 9243.6847022567908425 1096.996904187178643 -7684.2586410181538668 3113.7030753532308154 5667.5524698521021492 10517
62000000 310.95619251202248279 9268.0865361519627186 996.65682304425399707 -7737.578584359679553 3106.9897775732870286 5627.2456298306460667 10511
63000000 310.30263276138583706 9248.607109559703531 943.09836142034123441 -7740.2133615973107226 3097.0013995377184983 5586.310323479933686 10512
64000000 313.15703355726708423 9333.6828669240330782 975.80956430321066364 -7741.7790586283772427 3129.3415533115990002 5588.2470696199889062 10507
65000000 306.09374208585353472 9123.1606192135495803 852.34702916512298998 -7830.0180320238232525 2998.8823777094276011 5683.4826834795176183 10518
66000000 308.55339429607727197 9196.4708477349176974 931.06422490280306192 -7723.14837786165117 3030.5039946521897036 5623.7086081122652104 10521
67000000 310.19606163346742278 9245.4307443366033112 875.2775177802111557 -7759.9546582767443397 2983.4758896197540707 5651.7562864372011973 10516
68000000 303.94677165942886177 9059.1699086831795285 1046.2269725089540771 -7816.5569574208984704 3196.0202516078302324 5666.7636783220223151 10509
69000000 305.62851730587948396 9109.2945389636915934 998.26834966428862117 -7770.703857276652343 3101.2994681584486898 5667.6727387824939797 10506
70000000 311.04462760035170277 9270.7223545444066986 917.29053077240223502 -7835.0118049395678099 3103.2335463737772443 5649.0687893381918911 10513
71000000 306.28928347562435874 9128.9887537400081783 1143.2791358187428159 -7694.6876538848255223 3118.4201646418678138 5719.5466250617000696 10514
72000000 309.88920059970388365 9236.2847144970983209 1261.160331538540504 -7614.1741560286964159 3160.4245018106385032 5714.9099857565979619 10516
73000000 308.39151564846065412 9191.646035267456682 1157.8271218454983682 -7574.6203358753891735 3034.7753911941581464 5697.6720665267293953 10512
74000000 310.78106743308319437 9262.8669122134651843 993.80360289678355912 -7774.2864096620032797 3111.7345920423990719 5656.3554205163873121 10509
75000000 308.93481166211262234 9207.8390379814263724 1153.6509934503785644 -7704.8609370453259544 3188.0118498705360253 5670.5000806251682661 10511
76000000 310.61891330006909584 9258.0338888707610749 1030.3402735345659949 -7725.5390425253099238 3142.3838527762372905 5613.4954632836388555 10522
77000000 309.51995865291621612 9225.2794140785426862 988.43967236231731022 -7801.7438835104603641 3092.0370137032678031 5698.1465421695102123 10515
78000000 313.53922588293920626 9345.0741549352715083 971.34150828506676589 -7706.7662632872397808 3120.3060155441098686 5557.8017560281969054 10513
79000000 308.96656649913114734 9208.7854946994993952 1178.2845137940146287 -7633.4722184033662415 3158.0217768507573055 5653.7349553466237921 10505
80000000 312.56196461245900764 9315.9467658002558892 1032.555164026602597 -7717.9869647882314894 3108.0368948257455486 5642.5052339890889925 10500
81000000 310.62306878306162616 9258.1577435387225705 999.35797819823108057 -7767.6918840346224897 3198.6592941612834693 5568.3905680715706694 10518
82000000 307.40929724769313225 9162.3708982709104021 968.74636813518452527 -7888.5268603425029141 3176.7400933244130101 5680.5331351532731787 10522
83000000 308.76830228095860775 9202.8762059466316714 843.8673703793859886 -7835.4407227448773483 3079.447064344921273 5599.8610287793417228 10515
84000000 311.95909191305878494 9297.9780728368295968 848.70820724601958318 -7833.7617000988975633 3067.3344163383526393 5615.1354910065647346 10510
85000000 309.67413841679172037 9229.8747603946194431 897.22422530723656564 -7848.0502692275713343 3087.5617025676001504 5657.7127919672075222 10504
86000000 309.48299381487174742 9224.1776726563075499 1048.1868329521869327 -7789.5939730660211353 3120.7076468189084153 5717.0731591992989706 10508
87000000 307.3083428623394866 9159.3619407322184998 1015.7305916854327279 -7793.8167510810617387 3127.7135670771872356 5681.8337756893060941 10519
88000000 311.71809417889352289 9290.7951065250272222 824.21874941311398288 -7934.691586333653504 3132.1496703456227806 5626.760665401145161 10518
89000000 309.0854230640201763 9212.3280288419518911 979.11751310681142968 -7779.3578251668859593 3134.3309881689592657 5624.1443501047378959 10517
90000000 308.91747339696252084 9207.3222689134126995 918.76409687598015807 -7834.8915695840150875 3110.3071660472005533 5643.348500412795147 10511
91000000 310.2280429502254151 9246.3839513104176149 854.53147108201414994 -7942.9292742784373331 3055.9360767150433276 5741.5246686454074734 10518
92000000 313.94496901552037116 9357.1673775652270706 997.46058715881645185 -7764.4774950915370937 3078.4526318597040699 5683.4854503906490208 10513
93000000 308.69213233612811109 9200.6059516241821257 1061.245286672596194 -7797.5242110608960502 3165.4794183511503434 5693.2900793823409913 10514
94000000 312.51236448393763112 9314.4684280330402544 961.73847941201756839 -7777.748408845074664 3098.2839472223331541 5641.2029410347586236 10518
95000000 310.99874078432532087 9269.3546925005502999 909.99670531158369613 -7786.1091699949083704 3055.4409846781459237 5640.6648906283462566 10508
96000000 310.64704415718654218 9258.8723324341262924 981.73867913460844647 -7793.0813780242251596 3120.6431084214368639 5654.1769487373976517 10511
97000000 313.03974074326117716 9330.1869405638153694 945.80360661814938794 -7856.3158948374430111 3066.9786498993539681 5735.1408515562379762 10514
98000000 309.55227138574315404 9226.2424989479586657 1081.1278745767613145 -7685.6946695788938086 3141.2233353006304242 5625.599208855024699 10517
99000000 310.16560593167287152 9244.523008499374555 928.44291419065984883 -7836.0470059551298618 3063.1632059325575028 5701.3267142132317531 10511
100000000 306.95688937571890165 9148.8868274980432034 812.8510100054910481 -7775.4809230566679616 2983.2530303628045658 5605.0789026993552397 10502
101000000 311.21302410398106986 9275.7414324904493697 1017.6860880070340727 -7736.3618374722991575 3033.0924064517053012 5720.9555190276278154 10510
102000000 311.61627221605277782 9287.7602907354921626 973.11945832171932125 -7792.2528658110686592 3102.8643422830355121 5662.5079818497524684 10507
103000000 308.37738233622815187 9191.2247902047529351 943.82819580767284151 -7885.5443617755117884 3142.6545848381369979 5686.7179727450475184 10520
104000000 309.06797230336547955 9211.8079068319584621 1054.0082931038543848 -7734.5377716150323977 3084.1791122459007966 5704.366952472986668 10515
105000000 308.11044124524346444 9183.2685790377872763 857.54078537725570186 -7866.5243928863783367 3147.8642739421811712 5576.2009043214529811 10529
106000000 309.08823768263056309 9212.4119188865170145 873.02934182675562624 -7825.105256615594044 3153.2544874140462525 5544.8801110283020535 10524
107000000 304.68963237642560671 9081.3109612662283325 1076.7195790184666748 -7798.4324784817472391 3183.8538620853951215 5691.2981954148190198 10519
108000000 310.98294295351752226 9268.8838362624810543 941.58074752185154921 -7751.5107252015623089 3014.709553753712953 5678.381918969700564 10518
109000000 308.48735556388174928 9194.5025554176572768 971.87782741254659413 -7733.1416940358822103 3150.6453109122403475 5554.3742105361889116 10519
110000000 309.55760409748739903 9226.4014410597683309 943.85389204809484909 -7788.3389528281459206 3068.2302907643543222 5663.9625541118866749 10514
111000000 307.07314165630418756 9152.3517406351165846 1027.4752257512072902 -7742.0495273770502536 3081.6635190003653406 5687.8612341278922031 10520
112000000 307.42017682647377796 9162.6951654186432279 1010.998430664933494 -7603.6686305078792429 3056.0734441970362241 5558.5936169757769676 10520
113000000 305.21016805857198051 9096.8255895754919038 1045.4026847065674701 -7781.6335153610571069 3126.6868017522388072 5700.3493983153857698 10511
114000000 307.79975632119879947 9174.008577690772654 807.81376089220054837 -7958.6588479319325415 3118.2405253072065534 5648.2320835169266502 10513
115000000 311.71877436546355966 9290.8153795671587432 916.58226580009295503 -7867.2145575943204676 3137.2380813624977236 5646.5587420319161538 10514
116000000 309.66605908502435796 9229.63395494427823 903.75512768981275258 -7899.3514853015531116 3068.8571760814693334 5734.2494369098967582 10512
117000000 309.81164143999518501 9233.9730544589292549 973.15075532137461778 -7762.4844586971485114 3088.0531320651125498 5647.5820819534110342 10516
118000000 315.38776430039342813 9400.1700637189642293 927.57828022061869433 -7813.4872332711202034 3066.4338754676182361 5674.6316380241214574 10528
119000000 309.80009920204901164 9233.6290366754528804 1032.3920092972375642 -7732.5427478354631603 3130.9259166661354357 5634.0088404665648341 10515
120000000 311.85473661139127444 9294.8677505803480017 1106.3333588210484777 -7750.1888156632885511 3173.3821925533479771 5683.1399819309890518 10515
121000000 315.4847611723563432 9403.0610670973710512 939.95309844932830856 -7794.9944509626857325 3047.5508975924503829 5687.396651819562976 10522
122000000 311.04154852594587055 9270.6305823632064858 1001.8213810295889061 -7802.0871384371766908 3129.9766527532910914 5673.9318667134748466 10513
123000000 313.58485706327877551 9346.4341977268850314 835.41253505128531742 -7835.6048353420919739 3138.9458074952935931 5532.0715628980842666 10505
124000000 307.20605615040727798 9156.3132730403885944 986.0921011683605002 -7811.1125254800881521 3157.2658722893283993 5639.9387543591201393 10511
125000000 313.10931769320342255 9332.2606898845060641 953.22298512687120819 -7802.1292652098700273 3131.3859143021772979 5623.9663360345639376 10510
126000000 306.6767031033806461 9140.5358421155196993 920.73666250170094827 -7926.0882864077648264 3172.7942373521182162 5674.0307115573477859 10505
127000000 307.05578147921693244 9151.8343184791920066 981.71265017589144009 -7827.7302753321600903 3136.4152780450385762 5673.0276474630136363 10504
128000000 306.08117316064732449 9122.7860008934039797 744.63155004942802861 -7895.6835181255701173 3067.5740794880639442 5572.7409886869336333 10515
129000000 307.93566322537071756 9178.0592992363071971 951.18625948244311985 -7879.454892205498254 3110.2561474723756874 5720.3850042155645497 10518
130000000 310.51034862298445205 9254.7981056761509535 820.98111316257654835 -8000.7960977574493882 3105.0575818701045137 5716.7196290499223323 10514
131000000 304.00505009046571558 9060.9069042955743498 939.19523196899604045 -7777.3800978955014216 3096.5186994743435207 5620.0566303901541687 10515
132000000 311.2171057686504696 9275.8630869944554433 876.12451677437036324 -7949.4155301511045764 3144.1091346496127699 5681.4309122758622834 10515
133000000 312.70258204805043079 9320.1378852985526464 825.37733305766789726 -7865.9527295378293275 3084.7108428963488223 5606.6192196991487435 10508
134000000 315.95466804044968967 9417.0666975440217357 870.44084772942574091 -7828.0996630145655217 3090.94416306066978 5607.5963476833221648 10502
135000000 306.08431652879863805 9122.8796893573835405 892.64434414507445581 -7846.4125089658418801 3127.8809140051625945 5611.1759391057539688 10511
136000000 309.53556841811615641 9225.744664998657754 845.03375846326207466 -7842.9106172230176526 3087.7347155503425711 5600.2096601359371562 10516
137000000 306.19483540270579169 9126.173717622184995 872.75840440955789745 -7948.8525313092422948 3129.3737661396799012 5692.2371695791207458 10523
138000000 310.96263994792707308 9268.2787027507929452 819.2486934415246651 -7944.6172889363588183 3101.2453041470057542 5662.6206782308772745 10513
139000000 311.25848354097598758 9277.0963564511203003 883.67919428640425394 -7891.4389747403329238 3096.7264406525373488 5678.3917283741993742 10516
140000000 313.00528798271164987 9329.1600719119887799 887.9036591562698959 -7823.3262146575434599 3132.5594948284078782 5578.6703789854054776 10512
141000000 314.42049457106833188 9371.340473663964076 797.69148284617108402 -7942.1116850679281924 3196.5431337073696341 5543.2600342067307793 10515
142000000 309.25144185221665794 9217.2762386949289066 741.89028017688713135 -7866.640401433446641 3023.4296010895632207 5585.1010805207697558 10514
143000000 310.26978110558201251 9247.6279620264576806 955.37551038811409398 -7880.1779532385662606 3157.8658476195232652 5677.6876160071560662 10512
144000000 308.94780665924798768 9208.2263554264172853 786.07474956826945345 -8065.5768044109336188 3109.7350885207870306 5741.9164654584155869 10514
145000000 311.7697491738610438 9292.3346898326180963 891.39079155155434364 -7841.5728494027180204 3115.0350725843391047 5617.9285683699336005 10517
146000000 308.64627802966816716 9199.2392585318430065 910.55295932881881527 -7902.0748053104634891 3174.3976871205513817 5638.230077518730468 10517
147000000 310.42503516545878028 9252.2553278634350136 944.4059047005703178 -7907.735772783827997 3129.0748877063574582 5723.0667897780404019 10508
148000000 313.33225985312128614 9338.9055076447948522 865.33896106710142249 -7826.7486310190915901 3009.9943082187915024 5682.0932838674016239 10507
149000000 310.88939108096548125 9266.0955115038486838 938.22441952427698197 -7835.9966970336181475 3087.2984276617521573 5686.9226888961420627 10510
150000000 308.86914888147310876 9205.8819509452914644 870.04376898757732306 -7835.3809149668186365 2994.6519052058665693 5710.7727787485300723 10511
151000000 306.91465173749128326 9147.6279296352477104 981.5069325137397982 -7852.2883410643171374 3116.8481514839495503 5716.9471220941077263 10506
152000000 312.2024228842399225 9305.2305815571544372 844.20417036381991238 -7949.1789886150390885 3085.1234914880624274 5708.2596674907963461 10516
153000000 307.46143877150223034 9163.9249826288560143 797.75322582747321576 -7892.8225095961515763 3081.787743399961073 5608.7879920236646285 10516
154000000 309.10805049772153552 9213.0024422116985079 761.73566278284033615 -8046.0819958297088306 3043.0493498548021307 5764.7683087577461265 10518
155000000 309.23891832041408634 9216.9029733306124399 862.79335348782956316 -7850.6765654025239201 3073.0512328825971053 5640.41868600775706 10522
156000000 309.9905595272471146 9239.305729464169417 917.25264588064328564 -7893.3538553432381377 3133.0567341485570978 5677.5497670753238708 10514
157000000 306.56806496801277717 9137.2978694879875547 979.00066328248385616 -7770.72100334683455 3132.4610700188568444 5617.2605966104620165 10509
158000000 309.95158056611205666 9238.1439568621499348 927.24532348338516385 -7847.1267752548355929 3081.8415557959888247 5692.5305429422332963 10528
159000000 313.28297594913948387 9337.4365949878283573 918.85527060187848747 -7797.3072430888878444 3016.6014815305975389 5699.5610321601689066 10509
160000000 311.97045497166561745 9298.3167501586503931 1030.725740336707986 -7837.0925637945874769 3146.8125728912100385 5721.0057312400858791 10512
161000000 313.35150614319707074 9339.4791456240909611 1161.6987221045972092 -7676.3090619727790909 3099.9922173944187307 5738.0155666829577967 10509
162000000 308.99518947841875161 9209.6386060230488511 867.63315101398848128 -7851.8553007310811154 3070.0185474369764052 5649.4699043080927368 10517
163000000 308.70786466182988761 9201.0748554747242451 1000.478730362529177 -7810.5312380593459238 3124.6162033494565549 5686.3937650724183186 10513
164000000 313.26096883543459626 9336.7806703298247157 867.52584183214923996 -7875.0220807916393824 3075.5687085641416161 5666.9792140596473473 10505
165000000 310.16305978652036401 9244.4471203383563989 999.4424727213913684 -7887.0300672221601417 3143.6579519603219524 5742.8145879832300125 10522
166000000 310.33655937315023721 9249.6182962840157415 1057.1737190744013333 -7731.9935491455617012 3154.943483459448089 5634.2237847605156276 10511
167000000 306.76203124657780563 9143.0790576364324806 992.02719273094385244 -7785.1103557045225898 3107.0985590401187437 5670.0389893953479259 10523
168000000 309.31426522329832096 9219.1486967893451947 1082.0863632059435986 -7791.0569969503094399 3069.2380587100460616 5803.9053014462060673 10517
169000000 309.38792360855137531 9221.3440937779796513 1033.1758821077823995 -7776.6584324366212968 3074.3308621233118174 5735.5034524210905147 10519
170000000 314.33442380528219928 9368.7751241879032023 909.16231499797322613 -7871.4137994413858905 3117.5769218520026698 5662.9991925873564469 10519
171000000 308.04602725407431763 9181.3487123212835286 1203.9857538315141028 -7626.7389452333336521 3089.8078064176979751 5740.9168926471502346 10514
172000000 309.80809704875451871 9233.8674134537723148 980.74680694988046525 -7857.8131560636575159 3044.4936286622469197 5794.0663343512906067 10508
173000000 307.24405902413241165 9157.4459532403288904 844.55187427129055777 -7939.4064431426322699 3105.3499113887178282 5678.6084060252060226 10520
174000000 309.72245324687463608 9231.3147896880400367 1007.308346831044787 -7844.9108518715174796 3114.0852346025721999 5738.1339640999904077 10518
175000000 308.7502030541967315 9202.336756326698378 999.23157251082329822 -7759.5873972906001654 3147.5306503488509406 5611.2883194525729778 10518
176000000 309.53742387145706516 9225.7999670075623726 969.86948459589029881 -7786.693892619635335 3077.9000543397169167 5678.6633228758073528 10520
177000000 309.33903373113008684 9219.8869251298110612 715.50016197829449993 -8078.3000143838380609 3101.8366401743805909 5691.9635361877517425 10525
178000000 309.90973899229214794 9236.896863746431336 911.75972777812000913 -7886.050697541788395 3117.6957344807660775 5680.1146908391419856 10512
179000000 309.24598263391953878 9217.1135260401697451 862.9208311700995182 -7990.1747771850041318 3175.3808479421036282 5677.7147604130004765 10507
180000000 306.30762550848862702 9129.535440224884951 759.9363178856168588 -7965.0571253399366469 3099.1298680528743716 5625.8635751726797025 10516
181000000 313.18154474711008106 9334.4134258710473659 1085.1178696079809924 -7741.6789762111748132 3086.4237621930478781 5740.3730836261083823 10518
182000000 311.33994968356199706 9279.524464581574648 933.65522682525124765 -7994.3149801822037261 3041.4522126272913738 5886.5179943801631453 10514
183000000 305.52008385849012484 9106.0626670858582656 1022.3491215921260391 -7853.1407309073510987 3150.3495259179981076 5725.1403265814788028 10523
184000000 310.3888309298315562 9251.1762562872827402 839.98594096153647115 -7962.7698290632915814 3057.4171902181815312 5745.3385798066465213 10512
185000000 310.89319368454715686 9266.2088485587337345 860.14403299094738031 -7928.6019801076763542 3083.4668738977579778 5705.2791392008657567 10515
186000000 309.79696219415961878 9233.5355377798423433 881.89288430063493252 -7814.4341033133614474 3062.1234851586586956 5634.2035024553370022 10511
187000000 307.80035702718481616 9174.0264818045852735 993.89980872671537782 -7807.9410374347371544 3116.1568219572404814 5685.6840242042117097 10523
188000000 316.0627457935894995 9420.2879679121742811 1106.8535749626635152 -7759.8546841034876707 3061.7387055251283527 5804.9695535410228331 10509
189000000 311.04117853977669483 9270.6195548811501794 1019.2905338145225187 -7849.9947152854383603 3099.3339784686695566 5769.9512706312898445 10522
190000000 309.74186728089932785 9231.8934272958122165 1073.8181574034776986 -7726.5240820553335652 3086.40115981687768 5713.9410796419333565 10514
191000000 310.13887335488647068 9243.7262408486349159 832.91924767615307701 -7967.3807955839693022 3013.5387504098998761 5786.7612928502221621 10510
192000000 311.26490363315235754 9277.2877080668586132 974.92970361097525256 -7849.1494667047136318 3098.7377918683750977 5725.3413784473150372 10512
193000000 311.03219529653017617 9270.3518082409846102 882.24275814666191309 -7927.0277017699136195 3089.1279038417710581 5720.1425560748048156 10507
194000000 309.12560470780346122 9213.5256475442529336 945.04674789829573456 -7833.9444912216949888 3077.5231147360291288 5701.4681243839622766 10513
195000000 308.42076407806678162 9192.5177882126117765 909.99595351252582986 -7762.5374989426954926 3026.8870618430501054 5645.6463906121716718 10512
196000000 307.07962181836353466 9152.5448826409065077 1111.746555333973447 -7667.6579812041672994 3091.1314111889050764 5688.2731253492365795 10518
197000000 311.2291779608611364 9276.2229001282139507 877.5968186771785895 -7820.3915590056185465 3033.3837906468734218 5664.6045870359239416 10514
198000000 312.55951048509632528 9315.8736202404761571 921.59527794323105354 -7936.7362208907361492 3130.6073695786899407 5727.7241292552771483 10518
199000000 305.93257804220826301 9118.3571056029850297 842.55806777510815664 -7915.4015117791122975 3079.1622539210366085 5678.7973256331843004 10515
200000000 306.97621626782643034 9149.4628678305416543 935.71324752736916253 -7814.7232313082286055 3039.8859129446018414 5710.5505658909951308 10521
201000000 309.53376603317957461 9225.6909446998961357 1052.025773691832228 -7736.0348801407590145 3090.669706236669299 5697.3909475959208066 10524
202000000 311.97227821172145923 9298.3710920467383403 998.94152007574450636 -7758.4455723891996968 3073.1516979879806968 5684.2353944769620284 10518
203000000 316.31878531885706707 9427.919256608132855 913.82091383204738122 -7840.7548130954473891 3003.0836788438555232 5751.4920480836390198 10518
204000000 310.90996876622449463 9266.7088318759360845 780.60334046832701915 -7876.7550727806728901 3066.9195652839498507 5590.4388479650497175 10526
205000000 312.01078126810807589 9299.5186802507705579 794.38889398318508483 -7886.1002158354294806 3076.2564395830604553 5604.2326702355539965 10524
206000000 312.61276203762508885 9317.4607891372725135 1079.4408229117082101 -7855.0010168271037401 3158.1161882782616885 5776.3256514605509437 10520
207000000 308.93569611688576515 9207.8653992618001212 1139.0592522710035155 -7803.1050988177048566 3160.1482493464350227 5782.0161017422724399 10525
208000000 310.43960407492801323 9252.689555953918898 980.46468188106086927 -7821.5368934026919305 3088.987484585076345 5713.0140906986762275 10510
209000000 310.95137555856263134 9267.9429662775510224 1193.0738147903621211 -7708.8931957896638778 3158.1389464168141785 5743.8280641632118204 10518
210000000 309.68244882395953255 9230.1224530749277619 1093.9431978520372013 -7664.0586219856613752 3045.05943632056551 5712.9423835171328392 10520
211000000 310.58184767995743414 9256.9291436269504629 898.15327679499353053 -7901.607583647483807 3111.5544530232900797 5688.2064074191875989 10519
212000000 311.14611151766547437 9273.7470948465488618 910.99781821930400838 -7923.462337341015882 3144.9798715044667006 5689.4802840558550088 10520
213000000 309.12993245569236933 9213.6546365880694793 1000.1988538107872273 -7875.3260035951716418 3107.7383550954446036 5767.7865023105141518 10513
214000000 311.48313748833504633 9283.7921942409775511 1099.4373808975467455 -7816.6658210331652299 3123.512585948823471 5792.5906159818878223 10517
215000000 312.69890259670512478 9320.0282188108121773 1034.5862359329107676 -7879.8662982191845003 3157.251357426217055 5757.2011767258773034 10519
216000000 309.52220378658745403 9225.3463305563327594 868.71173647005412022 -7884.2417912887758575 3074.1357379252094688 5678.8177898336198268 10520
217000000 308.16733888206942993 9184.9644199134600058 914.14449171529668092 -7788.2144846885548759 3123.8416738828218513 5578.517302521028796 10521
218000000 310.46611145184033376 9253.479611495456993 1079.2040483908785973 -7697.8522852040505313 3052.9002874417319617 5724.1560461531971669 10509
219000000 309.22969349169596853 9216.6280262065502029 744.82941907355166222 -7817.4664143249037807 2979.0299994479601082 5583.2658339504951073 10504
220000000 307.97983885239824531 9179.3759590872414265 919.37838838251298057 -7824.1018695823095186 3111.2872840831978465 5632.1929738816243116 10506
221000000 307.44842536012527034 9163.5371163451909524 882.01565738758927182 -7910.5187427549153654 3103.3107739302195114 5689.2236262122842163 10512
222000000 309.69561522382696239 9230.5148791988631274 784.56140949857217493 -7973.4617652789866042 3067.5179954441146037 5690.5051793334441754 10525
223000000 310.07879560620261827 9241.935616358410698 962.41172043259871316 -7807.5413142868055729 3086.7407394593647041 5683.2122952600402641 10518
224000000 310.42447538589340184 9252.238643566490282 995.91131502607549919 -7780.0567020034077359 3043.0097698031868276 5732.9582472262964075 10511
225000000 308.93345828331729308 9207.7987003644466313 888.40864480195455144 -7907.1955844132171478 3077.8444657483100855 5717.7597634668618412 10518
226000000 307.24543023867374814 9157.4868224538531649 1151.1720484018517254 -7752.1170210433283501 3203.5864946221249738 5699.702574823055329 10523
227000000 308.15782399085213683 9184.6808274418926885 968.32298577991468846 -7724.837162284774422 3038.7356076260211921 5654.4245404386674636 10498
228000000 309.32849945611764042 9219.5729498022192274 1013.4213776252502157 -7826.9764577080932213 3136.3177939864917789 5704.0800413468523402 10500
229000000 310.70095685017469123 9260.4792067014459462 938.54828829225368736 -7825.988097090705196 3152.1479205784430633 5612.3884648045159338 10508
230000000 306.49529250927139401 9135.1288776450692239 890.74911881133402858 -7937.0940793802838016 3150.3309165817468056 5677.5122816098719341 10515
231000000 306.40707572862498864 9132.4995659392407106 809.63816140566132162 -7915.5653734836923832 3047.0865619153510124 5678.1169729740031471 10509
232000000 312.0922695951421133 9301.947449591352779 982.20526660842847377 -7855.6965025070931006 3162.936289698624023 5674.9654794168982335 10518
233000000 312.19046522041827529 9304.874181955738095 889.24173780143746626 -7848.4867061220538744 3056.8150827741164903 5680.9133611493743956 10509
234000000 306.8865744981845296 9146.7910841571465426 952.83963289120708851 -7784.5238021098957688 3051.7495489308075776 5685.6138860702949387 10512
235000000 313.5144644096149591 9344.3361362591422221 848.12113149910942411 -7951.6373531192393784 3102.4718010877677443 5697.2866835305812856 10513
236000000 311.9091047206878784 9296.4881985852498474 907.03189947731925713 -7794.2726624860843003 3090.9078098174704792 5610.396752145931714 10517
237000000 307.07575049103991205 9152.4294972666666581 1019.9252939792752386 -7770.4180257564385101 3112.1517967157578823 5678.1915230199547295 10517
238000000 308.55085357524245637 9196.3951212463380216 822.80906570101046782 -7865.6201471533840959 3043.8620175300197843 5644.567195324374552 10512
239000000 308.40726060023274613 9192.1153154395360616 899.47861469734220918 -7920.3333326918418607 3101.9352494777003812 5717.8766979114843707 10498
240000000 310.32968903535822847 9249.4135250438157527 962.02867169236014888 -7860.7596639602415962 3119.5170245841100041 5703.2713110684926505 10508
241000000 307.79532782829380722 9173.8765859296945564 1004.3912718589228916 -7830.2473595141473197 3114.7286117527155511 5719.9100196203544328 10504
242000000 310.27334066838062654 9247.7340552217137883 878.77734733226225217 -7907.0509978831960325 3082.2170415488385515 5703.6113036666192784 10505
243000000 310.9356604743418302 9267.4745763114133297 878.97575443045889187 -7829.3767006377929647 3051.7506486758366009 5656.6018063924166199 10512
244000000 309.9475843357508893 9238.0248487379267317 947.21467206417946727 -7823.1786789302559555 3083.9222415069816634 5686.4711094874537594 10510
245000000 313.74155993752930272 9351.1047456496817176 879.8321801888102982 -7877.9454575347244827 3099.1905129650585877 5658.5871247584764205 10509
246000000 310.54678960850367275 9255.8842336111720215 956.49529337252738515 -7823.9434588689764496 3091.7690388425698984 5688.6697133989327995 10509
247000000 314.69227441585928773 9379.4409044672756863 930.48616717287052325 -7895.7193559511833882 3161.7985580630761433 5664.4069650609781092 10509
248000000 313.39422741574156817 9340.7524582655860286 729.35528635751506954 -7966.6320237577492662 3123.2750121021990708 5572.712298013065265 10515
249000000 306.59632328588946848 9138.1401120345381059 1120.4603050041014285 -7737.9649081902407488 3126.5057954617441283 5731.9194177325971395 10509
250000000 308.9181751068483095 9207.3431834605453332 990.36129422856686233 -7711.970212021307816 3076.8000959498540396 5625.5314103000200703 10500
251000000 312.66424539854705245 9318.9952568715925736 875.78183164652273263 -7948.741172947211453 3134.3103518056582288 5690.212652788075502 10515
252000000 314.30919993213649377 9368.0233236297517578 775.82465967117764194 -7938.3815659592382872 3051.3148081428776095 5662.8914174875380922 10506
253000000 304.33330992049053521 9070.690727818866435 991.29977606643456056 -7761.8588065272779204 3133.1151744212179437 5620.0434081724943098 10503
254000000 311.50500282471915625 9284.4438932089669834 858.22111227837297065 -7914.5518787360479109 3143.2834517718902134 5629.489539242531464 10522
255000000 307.33041942745774122 9160.0199353979114676 939.36860947090724494 -7825.0434404984525827 3103.4292703366377282 5660.9827796327226679 10506
256000000 311.37506233026493874 9280.5710012191866554 984.64963138468453963 -7763.4863301517525542 3047.9413841420832796 5700.1945773943543827 10499
257000000 312.44401691822281464 9312.431320656392927 835.24191281836510825 -7959.7783933351774976 3045.10116549557506 5749.9191406579684553 10507
258000000 305.17912217844639144 9095.9002634024691361 827.72469829205147107 -7990.9010952016014926 3073.197497915484746 5745.4282955781673081 10514
259000000 310.74779304754383702 9261.8751651698548812 900.99935929150660741 -7881.679394979184508 3128.8330175551191132 5653.8457367155706379 10514
260000000 308.69942089005348862 9200.8231878462938766 959.75732767555757619 -7892.5202761863920387 3130.0348700144627401 5722.2427338474872158 10519
261000000 310.97886600979063587 9268.7623224667331669 1009.7470373969063075 -7816.9717402541737101 3153.1591734456046652 5673.5596042054748978 10518
262000000 317.11082001526352769 9451.5259455331197387 1096.8550950678236404 -7758.7007720949022769 3173.660840057360474 5681.8950271053654433 10518
263000000 311.77298766910803351 9292.4312135710697476 988.88756094067127833 -7781.1557499564978571 3173.3224530226407296 5596.7208578745285195 10514
264000000 313.50269783903735288 9343.9854322147366474 1032.6612730099116106 -7810.8793467724080983 3135.0782548528532061 5708.4623649294662755 10510
265000000 311.85558242373173243 9294.8929601183917839 987.19382100845086825 -7740.9566169653289762 3081.741570507369488 5646.4088674664099017 10513
266000000 307.41952125934892592 9162.6756261620230362 979.32609936714584364 -7828.1212243587287958 3109.9724958919287019 5697.4748278339466196 10510
267000000 314.0714535628790145 9360.9372646381816594 1330.8550165570256922 -7597.7244232735029073 3111.4377363463549955 5817.1417034841742861 10510
268000000 309.99016474018958434 9239.2939627886680682 830.52521420845232569 -8003.9144932960134611 3086.6330353168095826 5747.8066721876566589 10507
269000000 302.42026565930206061 9013.6722146419724595 797.90401929009806281 -8052.3474210386330014 3103.5656500945797234 5746.6857902341507724 10524
270000000 308.39431116483632422 9191.7293559676290897 1018.004100787640823 -7817.6297268441421693 3107.5189415942468258 5728.1148860375360528 10514
271000000 311.52841487968800038 9285.1416923095002858 873.95251073850886314 -8010.8105715976962529 3172.6270162054161119 5712.1360661307899136 10506
272000000 307.86635162225661588 9175.993458609589652 834.09215911157991741 -7836.7763678963801794 2958.153621459930946 5712.7149055480276729 10511
273000000 310.11639286943466232 9243.0562072890552372 972.1838735307026127 -7919.5804839049706061 3182.7914221032365276 5708.9729353324364638 10522
274000000 309.90984433413024135 9236.9000034725231671 924.35849588906955887 -7847.893096278217854 3084.2650893944528434 5687.9865027728346831 10518
275000000 311.57148929562259809 9286.4255304320049618 880.69015246928483975 -7830.1132724414110271 3032.1575357468336733 5678.6458891638621935 10514
276000000 303.71828323731165256 9052.3597839142075827 1114.2193287452116692 -7769.7560550540720214 3148.2391213220726058 5735.7362624772104027 10502
277000000 304.37005214054795488 9071.7858340853526897 908.57903503279055712 -7933.0895177521260848 3098.0444097257259273 5743.6241430591908284 10526
278000000 307.68707359737430806 9170.6500556201954169 1081.7070031154651133 -7861.6648632936685317 3172.5311456713807274 5770.8407207377531449 10530
279000000 312.26412486084973352 9307.0696163551165228 985.03556975013884767 -7826.6288036622408981 3101.1044944257860152 5710.5598789865935032 10513
280000000 310.84161805038695547 9264.6716306095040636 861.41068206825673315 -7918.9552588932365325 3074.2457230781446924 5706.1202178833491416 10518
281000000 311.94152741081262548 9297.4545607450872922 970.65431327673263695 -7860.380552359878493 3118.5219776829826515 5712.5128879536277964 10512
282000000 308.97692531596050003 9209.0942404749439447 815.78308437568398404 -7988.6188425688187635 3102.1843948983341761 5702.2175320461683441 10507
283000000 306.34798191630693509 9130.7382677901659918 880.49713480328284732 -7939.9515981426720828 3141.7612967829331865 5678.6874361630216299 10520
284000000 311.85870062234420175 9294.9858984012516885 1084.6649324588447598 -7832.7787639791349648 3158.9105873399821576 5758.5331090979980218 10505
285000000 310.28540245480343174 9248.093558209720868 999.97932025759996577 -7860.4002784808162687 3179.7380889554774512 5680.6415097829385559 10510
286000000 311.61006709556323813 9287.5753463766122877 992.58651948219448968 -7926.9662171145791945 3147.5756574480801646 5771.977079148694429 10509
287000000 312.41118129687919236 9311.4526510321520618 869.51145598713185336 -7947.8569986332704502 3036.1830098555883524 5781.185444764812928 10518
288000000 316.13838912006093551 9422.5425263114029804 976.0358350481301386 -7866.5598638759220194 3152.6687878876891773 5689.9269110363629807 10514
289000000 310.00151105308407296 9239.6321410025284422 879.63944904187894736 -7910.6469162962921473 3146.6321225523852263 5643.6542427857857547 10512
290000000 309.35639014084966902 9220.4042349988922069 873.16111101276078443 -7908.2764375402839505 3060.3723085943865954 5721.0652399586579122 10515
291000000 307.27541334008441254 9158.3804723800731153 890.19522793015744355 -7802.5580448849859749 3046.8064686301172515 5645.9468041850268492 10515
292000000 309.07044356301770449 9211.8815630216777208 855.46344352063920269 -7945.5153519492932901 3104.8530816654829323 5696.1257138044493331 10509
293000000 313.2815354516426396 9337.3936607875220943 1023.2963119367434501 -7818.0114386786954128 3143.066392163481396 5698.2413584519581491 10515
294000000 311.13363183528042555 9273.3751364193703921 845.00738786016381709 -7985.4041980367255746 3134.8838776682400749 5695.5277082286502264 10515
295000000 307.20462774392581196 9156.2706992142429954 810.96206852426337264 -7928.4580745638813823 3078.4327440525294151 5660.9873990356154536 10512
296000000 312.34774798344261626 9309.5620135328445031 1023.5869680050137731 -7882.5969940361046611 3154.3316483397088632 5751.8523137014090025 10517
297000000 311.84127583138433693 9294.4665504211207008 913.36023952873097187 -7904.3344585230443045 3102.7700514723510423 5714.9246465794249161 10516
298000000 312.0879559779064607 9301.8188817133468547 970.22117346453546816 -7799.9354837655446318 3079.6365973706851946 5690.5200598593946779 10516
299000000 311.46785995583377371 9283.3368455562085728 1010.0581284120326018 -7751.1537214504933218 3132.1720533538637028 5629.0397965086622207 10506
300000000 311.52951444368238754 9285.1744649459596985 1136.6751008220319363 -7716.3743547454669169 3092.5483992932558976 5760.5010562742427283 10505
301000000 308.83375449978075267 9204.827017162599077 1003.9407318342150575 -7713.5753156315913657 3074.1345935925182857 5643.3814538732876827 10513
302000000 314.81006337286180496 9382.9516184288895602 879.88412204122892035 -7856.5798506998089579 3128.0398572307240102 5608.4241155103127312 10519
303000000 309.47258406676144205 9223.8674088679363194 961.38810497746567307 -7793.0386374626759789 3027.5572684334147198 5726.8694740067257953 10510
304000000 309.12955538284228396 9213.6433978866407415 949.51031585017358339 -7803.2511030203831979 3134.4499384226883194 5618.3114804478682345 10512
305000000 307.29620329685917568 9159.0001195300937979 1162.9930743445190728 -7668.91752191327123 3078.2942933212925709 5753.6163029364970498 10495
306000000 309.1370449218925387 9213.8666244944561186 1037.2114771347517035 -7720.6435262299874012 3058.6887325951611274 5699.1662707695777499 10515
307000000 313.4114773051182965 9341.2665932830987003 916.9413031288613638 -7846.750852811295772 3006.4549115345580503 5757.2372444055990854 10520
308000000 309.38856694693964755 9221.3632685556440265 828.91330228923061441 -7892.4976142000386972 3094.6330949683051585 5626.7778215209636983 10510
309000000 309.49851041038880339 9224.6401466428742424 1008.3592635897418859 -7766.918697408996195 3087.263489627571289 5688.0144713711670192 10516
310000000 311.55034641834754439 9285.7953644442332006 1104.3665392756552137 -7702.983871273020668 3065.7847017286894697 5741.5657088199868667 10510
311000000 308.99707140621563894 9209.6946971062825469 841.4827930473716151 -7932.0490640601801715 3085.0282582670743068 5688.5035988404761156 10515
312000000 312.8659619216551846 9325.0074419862703508 887.62276530649978667 -7843.6581393291789936 3094.548095251995619 5636.7328093836840708 10514
313000000 305.81662743067658994 9114.9011837481612019 950.46429049662276611 -7861.0048178430270127 3122.3620583405331672 5689.1070499991164979 10506
314000000 309.08677909260450178 9212.3684454362119141 1060.3463400284381351 -7809.0978707811791537 3154.9842892605865927 5714.4599215490316055 10501
315000000 306.49486386054542209 9135.1161017184858792 911.51628466174565801 -7885.2971525583780021 3083.496121736146506 5713.3173154839769268 10517
316000000 312.1420117572714048 9303.4300206872540002 898.92046144330060997 -7884.82053881011052 3142.2115838959066423 5641.5294163575035782 10493
317000000 312.68197862841691403 9319.5237979103530961 997.01709815834817618 -7766.1577800537124858 3094.0729227390102096 5669.1019554730501113 10516
318000000 312.58021962526720472 9316.4908586419460335 939.83373522063334349 -7884.0960296691882832 3100.3359591719640775 5723.5938057178582312 10525
319000000 311.91543964818623635 9296.6770118575659581 899.77433338813261798 -7870.2584558947155529 3033.3266865168038748 5736.7061027660438413 10507
320000000 309.70839057908472114 9230.8956501914017281 1001.4388097432686209 -7826.1465369226498296 3083.2657847756890988 5744.3195618902291244 10510
321000000 308.64408632666976473 9199.1739345616515493 990.18182146834783453 -7824.5475080080968837 3127.4847995400623404 5687.2445299363826052 10523
322000000 309.51726120708934786 9225.1990163828158984 834.09657972750630961 -7954.3572325654968154 3071.8311130815527576 5716.6226992114497989 10511
323000000 311.99485538531115481 9299.0440074078396719 1051.0175122949444813 -7862.4816033239194439 3143.3715394817245397 5770.1275761371398403 10517
324000000 310.9903534638531255 9269.1047074099988095 1081.5428297920002478 -7727.3134780325672182 3072.3287328473334128 5736.5275749772335985 10515
325000000 311.52106210434936884 9284.9225419604790659 1008.7764234723450727 -7872.1044073900211515 3144.7865374106804666 5736.0942934516851892 10505
326000000 311.18748129060816154 9274.9801258806510305 937.15218750388032731 -7889.9892369231129123 3140.9845067580445175 5686.1569176689481537 10496
327000000 311.58992108305034208 9286.9748920623896993 1033.1956006861535116 -7780.1505057101676357 3152.8173824790073922 5660.5287239173139824 10504
328000000 310.97681116986518646 9268.701077716810687 1075.5651094710199231 -7779.7198200843977247 3160.4938598229382478 5694.7910697324787179 10505
329000000 306.15127206495634482 9124.8753071264691243 936.54369573972087437 -7716.1949850670926025 3044.3660967413788967 5608.3725840654351487 10503
330000000 307.33806124849365915 9160.2477007885372586 1036.9208780746291723 -7825.7930245118313906 3080.6617374132888472 5782.0521651731714883 10515
331000000 302.21715198951483217 9007.6183874032994936 837.11961231066982236 -7875.0416709021528732 3048.0786736356785696 5664.082609577144467 10514
332000000 315.31927556192789552 9398.1287486715864361 885.60437949833919902 -7922.9165524298914534 3118.3355429029561492 5690.1853890252750716 10516
333000000 310.88087807563653087 9265.8417803610991541 878.85236614399877908 -7891.4490407150642568 3018.8490975627973967 5751.4523092962654118 10509
334000000 312.60528203009545223 9317.2378466175705398 884.84115280642981816 -7864.2436534732760265 3064.4859631929439274 5684.5988430867619172 10514
335000000 307.63066233717853493 9168.9687112581996189 905.63105673794916584 -7894.8006808463505877 3070.5721072186233869 5729.8596303656759119 10508
336000000 314.77599421548211467 9381.9361831154528772 982.16585255800589493 -7846.671335685889062 3143.006933921046766 5685.8302543228492141 10511
337000000 310.37388216274217712 9250.7307064949673077 837.25032187149918173 -7957.1370075191680371 3125.0783964180773182 5669.3089329725899006 10494
338000000 307.33827837297809538 9160.2541722097830643 928.49685988778514911 -7817.9725660536405485 3108.727860837861499 5637.741565103564426 10514
339000000 313.62125363042900972 9347.5190017671011447 843.1886556218566966 -7881.8698886215242965 3120.3193714614731107 5604.7391727819085645 10510
340000000 310.6928049456813028 9260.2362382123192219 853.96452095575671137 -8015.9232193022817228 3101.8140231633869917 5768.0737170946522383 10502
341000000 306.550970673937627 9136.7883720070622076 762.59523004079835573 -7987.4132312692536289 3102.4071357923503456 5647.6013255177003884 10515
342000000 309.58413515502428481 9227.1922024051546032 812.47678363652789812 -7923.3856210646899854 3138.2001077433728824 5597.6622969578447737 10515
343000000 310.28246488333434172 9248.0060035404876544 853.11997610424396044 -7895.0501135497388532 3127.7259460542627494 5620.4441435997196095 10510
344000000 309.17098769351304099 9214.8782928652144619 811.24985206260180348 -7902.2777080019804998 3085.6178496510246987 5627.9097104135571499 10516
345000000 310.88169957057363035 9265.8662651160229871 829.5559034297590415 -7928.0857305237004766 3040.4044292780281467 5717.2372046754317125 10519
346000000 310.89292575091332083 9266.2008627647082903 1095.6949309412943876 -7803.0178655413828892 3124.7255112243460644 5773.9872852583312124 10496
347000000 310.98800865348772504 9269.0348200564076251 983.35398036770402541 -7855.6410158230228262 3115.2308416148757715 5723.7641545758506254 10505
348000000 312.16630355364128491 9304.1540405855412246 1049.701155449955877 -7802.9677889879994837 3075.2254391149544972 5777.4435053230008634 10523
349000000 309.73728073456271659 9231.7567247332845 952.46470287915985864 -7870.8203160459233914 3080.4802448980035479 5742.8047740270794748 10516
350000000 308.87550312805410613 9206.0713400251770508 912.79766701313519661 -7859.3946472653651654 3087.798963987483603 5684.3933502910158495 10517
351000000 309.99369430386406066 9239.3991618564396049 879.23672578097512087 -7892.2467432299763459 3065.1063971088065045 5706.3770719021449622 10508
352000000 309.99277752137993502 9239.3718370447695634 1067.196917926876722 -7763.7222222780201264 3122.9705193562722343 5707.9486208486241594 10508
353000000 308.73238743575609533 9201.8057596867256507 909.21963194016291254 -7885.7534928369086629 3088.3979544137650919 5706.5751703633068246 10507
354000000 314.38245809965445687 9370.2067920808913186 923.2350430935807708 -7882.9263713201999053 3092.1407858095317351 5714.0206286042484862 10510
355000000 309.1028749824608326 9212.8481853598950693 1130.1177975522105044 -7724.5273363714195511 3129.2547476004601776 5725.3903863231698779 10506
356000000 310.62429180877080626 9258.1941959663690795 774.99770248633035408 -7948.3896390728968981 3031.6521625831665006 5691.7351789760614338 10515
357000000 306.35565597304417906 9130.9669939697269001 864.84599210316434892 -7910.5643330957009312 3073.9634809660092287 5701.446844232856165 10504
358000000 311.34827230155428879 9279.7725212069690315 898.9627079472255673 -7923.3289062229014235 3110.3615253548509827 5711.930088815275667 10512
359000000 308.48773492658807527 9194.5138623685252242 623.2399262746525892 -8050.2492054744798224 3019.3127905105702666 5654.1763412385616903 10506
360000000 308.526505000614236 9195.6694090652636078 865.39954136934238704 -7914.7918323874382622 3106.5118746206953801 5673.6794991360857239 10507
361000000 312.34025955377791206 9309.3388199903984059 1096.3370714410407345 -7838.9440756608464653 3168.9849709622335467 5766.2961761396536531 10518
362000000 307.55225902142228733 9166.6318910479949409 836.75721737534831846 -7870.0518904711825598 3030.453117250737705 5676.3559905957945375 10506
363000000 308.6547866020828792 9199.4928575510548399 1022.1633812016061711 -7837.7096879018863547 3138.7473875620989929 5721.1256815413944423 10510
364000000 308.83229254854899182 9204.783443531156081 851.93600515596858713 -7916.3443446161363681 3093.2652195804357689 5675.0151301916685043 10508
365000000 311.1447400103904215 9273.7062169080600142 707.37707690264574012 -7877.6210170445247059 2969.2033329687642436 5615.794760978405975 10505
366000000 307.4941793885768675 9164.9008206394883018 999.46404978568170918 -7804.2166677973591504 3170.7924625355663011 5632.8882550474745585 10514
367000000 306.94979647680156631 9148.6754227968631312 849.59435951032753565 -7918.4870806249236921 3118.6998438369905671 5649.3815962982598649 10502
368000000 308.33366744837638862 9189.9218627400969126 1034.7408562259543032 -7682.4617305250849313 3145.5687369033412324 5571.6338498476980021 10510
369000000 309.34247264262370436 9219.9894222984821681 904.95426987469227242 -7856.555332708451715 3066.0169946997466468 5695.4926078833977954 10505
370000000 306.50060368120313115 9135.2871777601885697 987.96543746181430379 -7801.2926235395570984 3138.2469655522500034 5651.0110954491210578 10515
371000000 309.80262298012650035 9233.7042581831246935 1133.339395381867007 -7813.9992672297503304 3149.6149840439120453 5797.7236785677050648 10521
372000000 312.04483987180515214 9300.533801010433308 860.74128524230945914 -7879.7048033724249763 3046.9263859115367268 5693.5197027031981634 10504
373000000 308.72944503820230011 9201.7180611754592974 980.74533257861060065 -7726.4468348964819597 3094.6594243529943924 5612.5327431220994185 10514
374000000 304.38689012921042831 9072.287692352776503 832.46345732627287362 -7995.5894058101439441 3161.4541840478668746 5666.5986790885499431 10525
375000000 307.16324544356496062 9155.0372947989417298 943.61316926386950854 -7919.212742866604458 3135.7058263546932722 5727.1200857757794438 10515
376000000 312.88817925981311419 9325.6696324092608847 884.80316525551847917 -7916.0286251399684261 3124.3774508725464329 5676.4543395229411544 10509
377000000 310.88590476360229786 9265.9916013975616806 891.70794206709217633 -7845.8834381506458158 3102.3314870005297053 5635.2598932172077184 10524
378000000 309.01292015278875169 9210.1670708948295214 950.34479576497437847 -7821.9198005546058994 3032.4409130341327909 5739.8236832854472595 10508
379000000 311.250996908100376 9276.8732164621887932 808.24456186113945932 -7880.4780259978051618 3070.4152438986602647 5618.3073439602831058 10513
380000000 311.14989237779701625 9273.8597838352998224 868.17499344732641475 -7946.2085217940657458 3189.4018102294862729 5624.9817050119063424 10513
381000000 307.66100016313492915 9169.872933791961259 962.44231356935313215 -7829.8231461662380752 3133.1952026295812175 5659.0702571060101036 10511
382000000 309.63273587523207198 9228.6407526879665966 846.57640510452313265 -7857.5112284151528002 3070.1073968219343442 5633.9802366977419297 10507
383000000 313.46154391903286296 9342.7588347032924503 953.91408156374404825 -7866.6820650501231285 3157.3666024870108231 5663.2295441268561262 10522
384000000 307.48819935668620928 9164.7225850732374965 789.43500040153844566 -7891.78541516799487 3120.0009042682972904 5561.2195113012367074 10519
385000000 313.44418754982632436 9342.2415260417074023 759.51888515129223833 -7907.6527656438693157 3041.8359823174168923 5625.3356684777454575 10520
386000000 313.40100118738325818 9340.9543513401185919 863.29169919546018264 -7799.9578968153682581 3094.0075038838663204 5569.242092126962234 10517
387000000 310.03236520598773041 9240.5517527227530081 937.36764282768024259 -7906.4211348881153754 3141.4222812938728566 5702.3664964219224203 10516
388000000 308.68885357321738638 9200.5082277031924605 840.07132061617528507 -7882.3599480268258048 3120.0854591968891327 5602.3458094461129804 10507
389000000 312.8285745596129459 9323.8931071857114148 835.65788033894182263 -7958.9642959747379791 3079.5838971546090761 5715.038279159070953 10518
390000000 307.51808184410663216 9165.6132361874369963 771.36679807235827866 -7916.4013621656686155 3049.3973942275210902 5638.3707660105073955 10516
391000000 306.49153045184635857 9135.0167490732346778 775.42036454115952893 -7981.4636475105544378 3026.1622416735526713 5730.7217703781616365 10514
392000000 311.2044440289528211 9275.485702327283434 1012.1363343988497263 -7783.5689883039112829 3092.0912958334924951 5703.6140268692688551 10513
393000000 308.30705354603315982 9189.1286321953411971 1099.3441559313585003 -7730.2661124227361142 3118.9036425788040106 5710.7066257752912861 10510
394000000 307.18858966476273054 9155.7926823451889504 902.73734090919197115 -7894.475730735115576 3065.9446145882320707 5731.2684570560759312 10498
395000000 311.97903383453149218 9298.5724441931706679 718.70537502510046579 -7965.0074701454777824 3113.7557237343853558 5569.9571214361940292 10513
396000000 308.13825305494788154 9184.0975133548217855 957.83645864217987764 -7733.108915606849223 3063.1724849334341343 5627.7728893155945116 10516
397000000 308.48242738384686845 9194.3556704218644882 965.48242026727598386 -7831.6411148851739199 3128.3078509358983865 5668.8156842165517446 10523
398000000 310.25795624137742834 9247.2755205335233768 801.48263034490014434 -7874.9648947654877702 3044.4354493044511401 5632.0120758059374566 10521
399000000 309.29037456646130977 9218.4366329028453038 923.21807631053331988 -7899.1351908371298123 3158.4411377738206284 5663.9121293738426175 10516
400000000 305.69858206787318977 9111.3828275809628394 984.97438321075310341 -7814.649734180010455 3085.4042461811513931 5714.2198712096123927 10509
401000000 307.33242051682077545 9160.0795781058877765 813.79239493466252497 -7899.0484669591460261 3045.8458894586224233 5666.9949724351863551 10505
402000000 311.75197192618452391 9291.8048368378604209 787.26907028960022217 -7879.2922184849958285 3081.2606138935461786 5585.3006748810494173 10513
403000000 306.98775128757159791 9149.8066704746725009 963.52655604023652813 -7720.1682097914908809 3029.2337403560027269 5654.4610254757244547 10512
404000000 312.37875563495805409 9310.4862002975660289 954.74226985498546583 -7848.6311338732357399 3120.8933365433294966 5682.4800671848915954 10512
405000000 313.03491808650954908 9330.0432007021099707 1097.1388950044874946 -7695.7501060863296516 3072.11278444238269 5720.7762166484335467 10503
406000000 308.15047863580480225 9184.4618982555421098 1075.3628896157256349 -7762.8571068393812311 3022.5815900158409022 5815.6384064392659639 10504
407000000 307.15476858356026924 9154.7846409719077201 1101.0237740723453044 -7772.6558089520585781 3113.0023719482132947 5760.6772110761903605 10511
408000000 312.39105531438787011 9310.8527937151211518 1182.1299072378292294 -7657.0921279555659567 3128.4627037936006673 5710.7593313997949735 10516
409000000 312.27746582231083039 9307.4672453082439461 1037.088750244464336 -7804.3108415749702544 3151.3494124695598657 5690.05017934987427 10516
410000000 308.5530231609538987 9196.4597860081448744 800.79371525589613157 -7999.5162143316883885 3125.2450941819997752 5675.0648354055847449 10509
411000000 310.56513076284062436 9256.4308939114362147 973.90493957269393377 -7874.1972883342823479 3104.0659499058310757 5744.036278001145547 10511
412000000 307.28901300265903274 9158.7858119508528034 1023.6536622437458846 -7767.3748102878344071 3023.7125910082322662 5767.3158815233482528 10515
413000000 310.93976844777557744 9267.5970149512886564 1097.0242299765850476 -7757.4411439656023504 3136.2669233231645194 5718.1984506190228785 10520
414000000 308.97140102950987739 9208.9295884560815466 1022.2593574628828037 -7772.5561019080414553 3102.4438439859586651 5692.3716153849654802 10514
415000000 308.9174057168287959 9207.3202516989258584 1060.8785058293833572 -7731.7196677831107081 3127.1079080577137574 5665.4902655547803079 10514
416000000 309.64682420504362881 9229.0606570442305383 976.43481944117002058 -7891.9977444488376932 3176.6250138146165227 5691.8075500753911911 10520
417000000 306.6058644497013006 9138.4244875639324164 960.75166775948594022 -7860.4591612069261828 3099.186882231857453 5722.0239467345545563 10511
418000000 308.37385688216284052 9191.1197136243736168 1048.6987089819303947 -7744.943434725509178 3127.028123900366154 5666.6140198070734186 10505
419000000 309.34452428503425381 9220.0505717460891901 954.13302275434944022 -7812.0594601967395647 3123.5966611233657204 5642.5958218277228298 10516
420000000 313.10071346587488961 9332.0042398591394885 794.41461565104202691 -7902.7773711063764495 3041.1855783480373248 5656.0064084093810379 10505
421000000 312.52313590035691959 9314.7894713886471436 857.4877566909719917 -7949.5315274309878077 3065.0323158718183549 5741.9869682501412171 10508
422000000 308.6480269523119091 9199.2913853805694089 949.53487204202406247 -7922.2985558514255899 3089.2470674580281411 5782.5863604354217387 10523
423000000 312.29266823899359906 9307.9203551570499258 1094.9452987676727389 -7732.6319785818432138 3120.0713306316929447 5707.5059467178225532 10508
424000000 310.53116072022112348 9255.4184127252901817 1055.6636016780121281 -7858.6562972029014418 3134.7042775535369401 5779.615621327376175 10511
425000000 304.64855655286606861 9080.086691428674385 959.39417999049396713 -7799.5528345527218335 3080.408149911277178 5678.5388646319388499 10510
426000000 307.90986219112949129 9177.2902963226242719 871.61079412743242756 -7873.9113852793889237 3076.9515547938617601 5668.5706246129593637 10519
427000000 307.14055974466941734 9154.3611448281099001 992.15391706660670934 -7816.1058379313271871 3072.3003771095714001 5735.9593778883627238 10511
428000000 310.81149925413058099 9263.7739362821666873 1111.0665405181216556 -7690.0316404342120222 3115.3787026396616966 5685.719478312672436 10517
429000000 310.14603464903211716 9243.9396840777808393 992.51992590927000037 -7769.0839926532589743 3086.9603805679817015 5674.6435379945478417 10526
430000000 309.78471249214067029 9233.1704339450006955 926.76513418454794646 -7836.5453185580972786 3043.2971431390124053 5720.0133096036324787 10527
431000000 310.83586777027801418 9264.5002428226071061 1056.0194626046254598 -7887.9883108297899525 3150.7169290865194853 5793.2908443478954723 10519
432000000 306.54747551193480604 9136.6841982852329238 1032.0351992836808677 -7749.6312259400483526 3039.2584237423379818 5742.4080014813916932 10507
433000000 309.73724726210656399 9231.7557270827237517 938.17367335905214532 -7992.0355103648262229 3132.036877476753034 5798.1723062471246521 10520
434000000 303.64164686763376722 9050.0756277433556534 900.83793607104644252 -7872.0921664122997754 3050.280502788567901 5722.6495996947796812 10515
435000000 306.93851909278055246 9148.3392990163265495 866.26229124180702001 -7861.020918375887959 3088.7249155434865315 5638.5582940742087885 10515
436000000 309.29968503495985033 9218.7141325308148225 864.79679411569077274 -7882.3311894141879748 3098.8268806181131367 5648.301102911765156 10514
437000000 311.32197397217237267 9278.9886963520948484 1108.7944525801631244 -7770.0567856425132049 3139.0134795575022508 5739.837758665174988 10519
438000000 310.46816929247489725 9253.5409456818724721 1137.2795208764446215 -7728.6844141644251067 3114.3288268528735898 5751.6351081879956837 10519
439000000 314.62284517004081863 9377.3715574856723833 1049.3911250936746455 -7748.6162703252448409 3096.2062508024937415 5701.8011446164264271 10525
440000000 309.98393285551651388 9239.1082207200925041 845.57882385208301912 -7876.0654931875224065 3026.7813183079160808 5694.8629987316899133 10515
441000000 312.33377490674780574 9309.145544309520119 984.65229502450370092 -7771.961580055880404 3032.131564604437699 5724.4823104759461785 10510
442000000 311.20554738590141142 9275.5185880131975864 979.36504257344324742 -7855.9076025913273043 3105.1200616172077389 5730.1525835475640633 10515
443000000 308.27320892190459745 9188.1198891223284591 856.75895230191758856 -7896.1490153471368103 3094.8881772753475161 5658.0197903737080196 10516
444000000 308.74756911859765296 9202.2582515609119582 1050.3938159408917272 -7854.8193466669617919 3131.4788904751135306 5773.7342721327404433 10507
445000000 311.97164476443316516 9298.3522120744928543 845.85974793049035725 -7913.4965165738904034 3098.1087823749835479 5661.2474821293981222 10515
446000000 306.46108281309409449 9134.1092535559473617 1072.9605769874394809 -7758.8398134843901062 3185.0091520356559158 5646.7912384361743534 10507
447000000 306.94458295059047259 9148.5200330241350457 809.75478255441851161 -7969.5562947351027105 3102.9526063327812153 5676.3584709567394384 10514
448000000 311.08143861347940629 9271.8195111965869728 866.19562408237891304 -7847.5626725575439195 3071.4335191002210195 5642.3247775397030637 10517
449000000 308.9163328329569822 9207.2882742667134153 826.91567884013375078 -7937.8544899787011673 3086.0103885786338651 5678.7597802402005982 10516
450000000 312.98036697980052168 9328.4172984374290536 812.43608204713211762 -7882.6263689125789824 3051.5798177226670305 5643.4826332370448654 10509
451000000 311.5878580295080269 9286.9134025046332681 951.62391133447124503 -7817.1035872598677088 3132.5366468377756064 5636.1908517565625516 10510
452000000 309.2835449578651037 9218.2330756011997437 852.43427126559197404 -7839.4280759482862777 3132.8223078497039751 5559.0400393641739356 10510
453000000 310.88479709628416003 9265.9585872405677947 787.15964204518616043 -7967.0037234235933283 3083.0197195765135803 5671.1436458922671591 10517
454000000 308.59608689019125904 9197.7433056123591086 809.89160344621211607 -7962.7555269583135669 3120.1503461646202595 5652.4967842399055371 10506
455000000 312.15344077082022523 9303.7706638040144753 949.02616691037633245 -7856.6157464985999468 3164.3033979459992224 5641.3385154629768294 10520
456000000 308.01594200592717243 9180.452017899357088 979.36682309447678563 -7750.381733139392054 3036.6594551358066383 5693.0891010980622013 10515
457000000 314.6188199933769738 9377.2515866134344833 1003.8381936324533399 -7880.8681171502412326 3160.6483028409274993 5724.0580079417668458 10513
458000000 307.08279630984839059 9152.6394987395669887 849.9948948986857431 -7965.3936640889269256 3097.6404015405514656 5717.7481574470621126 10511
459000000 313.93228059385410234 9356.7891976387891191 1042.9514551870220203 -7731.8876674539260421 3119.2377351698060011 5655.6013874711416065 10513
460000000 311.59683600945550097 9287.1809922715419816 839.76126402177430919 -7871.1874416255086544 3055.629888989907613 5655.3188166573745548 10511
461000000 309.38921878368853413 9221.3826966279630142 983.5520900318282429 -7764.4682075222826825 3069.7537775880146 5678.2665199660968938 10517
462000000 309.3764729779255731 9221.0028063616518921 1103.4339436763452795 -7835.5294921191525646 3174.0873241858107576 5764.8761116096866317 10517
463000000 313.99423213403508726 9358.6356707088598341 967.65343086599909839 -7728.2344733816698863 3069.8658258308732911 5626.0220784167959209 10515
464000000 309.4175166645943591 9222.226118355332801 1056.3011177219041201 -7726.2277171761261343 3099.7346360643341541 5682.7941988336970098 10510
465000000 309.80043595769484455 9233.639073717784413 1079.0702715748252558 -7735.0245471006010121 3080.0448924131142121 5734.049926262311601 10519
466000000 306.5095095093044506 9135.5526170326866122 873.42088632384184166 -7814.7499051859686006 3083.1999130407530174 5604.9708784690574248 10514
467000000 315.67301299365334444 9408.6719351629781158 1016.5975314946022081 -7773.3062104961982186 3094.0182776945466685 5695.885464296252394 10509
468000000 311.17636270945780552 9274.6487352386830025 836.13418613031979021 -7881.1351825928904873 3041.1782851745074367 5676.0910835487029544 10507
469000000 311.08593280386327251 9271.9534610788869031 1088.4948849908923876 -7826.7608538595795835 3165.1825069526425978 5750.0732318978298281 10513
470000000 311.12225606459077198 9273.0360802123996109 973.07903208270772666 -7837.5942978525199578 3084.5076114237008369 5726.1657185115273023 10514
471000000 313.72092440959113446 9350.4897012696201273 961.16386693440676936 -7839.1373403682518983 3137.9086019678234152 5662.3926053348350251 10504
472000000 311.01519168329588183 9269.8450135133753065 764.69978499191461196 -8004.789522069364466 3057.2852355549375716 5712.204071506341279 10506
473000000 309.14990899272316938 9214.2500396652631025 988.06937516683308331 -7768.7279486670931874 3097.2792329185272138 5659.5180909153987159 10514
474000000 309.00495258122265341 9209.929596470665274 840.21624245953057653 -7845.8156994342680264 3039.2658048303019314 5646.7661370634968989 10510
475000000 311.58541434264645886 9286.8405681252406794 988.08226532389357999 -7782.5199415407987544 3070.0366354460074945 5700.5655714186850673 10513
476000000 310.69224988885247285 9260.2196946771018702 917.04340165532858009 -7817.9639914210656571 3082.401343640705818 5652.6060494356879644 10509
477000000 311.40488046303670444 9281.4597342353808926 805.56662095186720762 -7897.2862818236262683 3102.1551009449162848 5600.6978018305781006 10512
478000000 302.84265546412723324 9026.261593330602409 1107.7672983103680053 -7643.3317605779520818 3149.4861939100146628 5601.6128649783049696 10513
479000000 308.38948641346161139 9191.5855536754315835 838.29091467397711313 -7909.3896713193635151 3094.1079123978565804 5653.5726735954849573 10509
480000000 312.11474497377196258 9302.617330941493492 1125.9893007958489761 -7757.5874747421003121 3092.8533717638706548 5790.7234037740781787 10524
481000000 313.95335406630380248 9357.4172950074353139 843.25067061453762562 -7898.1454521322311848 3048.2556678651844777 5693.1404548815835369 10513
482000000 309.48278370065969511 9224.1714101770685375 1010.0876274875772651 -7669.3454543987636498 3065.739912887216633 5613.693168999124282 10516
483000000 312.39248644673187982 9310.8954487859264191 978.13984981677685937 -7755.0664438201238227 3031.2952379287257827 5701.9110557081748993 10501
484000000 305.86847617224248097 9116.4465416963066673 1050.0350617686954138 -7727.4364839417885378 3123.883443878009075 5653.5881018324744218 10515
485000000 311.94404057387060902 9297.5294658708317002 1145.3595571390353598 -7660.3920984141277586 3114.1386913984033527 5691.6129641547595384 10516
486000000 313.51135842388009678 9344.2435619825591857 1083.1481959622794875 -7754.4107068194571184 3118.0195046896019448 5719.5393980921344337 10527
487000000 314.38304595113294226 9370.2243130645674682 1023.4042216069943834 -7808.4187754749564192 3089.7256621546466704 5742.0973349273044732 10516
488000000 313.72138875908274258 9350.503541261794453 1049.6338004752901725 -7765.957571807702152 3193.1966394479877636 5622.3947328350050157 10516
489000000 308.48238298331256146 9194.3543470586246258 1006.4865494947043771 -7792.4096285662726586 3125.4137872960877758 5673.4823907648878958 10513
490000000 309.43859255347359749 9222.8542877459512965 991.78181741090361356 -7794.628285964110546 3011.6844304870587621 5774.7256728879547154 10507
491000000 308.26640511534986899 9187.9171008536177396 1006.2552965524940873 -7816.1715093968014116 3097.6132872682005654 5724.8135186810950472 10517
492000000 306.89487522648255435 9147.038488357582537 992.13365540923086883 -7807.0436489939220337 3152.3339060626567516 5646.8433983404956962 10521
493000000 311.53709934600220777 9285.4005338674378436 957.84835352255504404 -7706.3568393442574234 3068.7348247569184423 5595.4703681098944799 10510
494000000 306.07851764617754498 9122.7068529667940311 801.22500046064499202 -7859.8630637015585307 3082.7808791690740691 5578.30718499312934 10505
495000000 310.49301754468689296 9254.2815508131370734 968.30802417318966491 -7767.8137474924251364 3075.2445183490767704 5660.8772533165374625 10512
496000000 312.80035146763344756 9323.0519145512407704 840.18799426447753831 -7789.9882561215381429 3028.4335616958164792 5601.7426886901985199 10512
497000000 312.06616790194277655 9301.1694855014357017 937.66541862812789532 -7731.9663012332057406 3061.9380544447230932 5607.6936654166111111 10513
498000000 313.87504644092439321 9355.0833268603655597 838.83128103445267243 -7858.1142359479554216 3067.0748351889451442 5629.8706817934626088 10511
499000000 312.3816003280525706 9310.5709867157293047 967.38496430925283676 -7857.6914846374747867 3073.1190599761639533 5751.9573889705634429 10515
500000000 309.31021275974939044 9219.0279126282293873 1125.5892363596121868 -7782.2372012843343327 3172.6323605332108855 5735.1940771107347246 10532
501000000 311.70968964124472222 9290.5446082744656451 901.61665478576492205 -7807.1119505617716641 3065.1473022005511666 5643.5813031469861016 10517
502000000 310.6347326879105708 9258.505387618797613 966.70693868607486365 -7885.8481598895286879 3101.8457392834388884 5750.7093592921646632 10516
503000000 315.14942714914923272 9393.0663963995702943 1110.4679677519379766 -7788.9947143197441619 3178.0702596071732842 5721.3924224645079448 10513
504000000 308.3209806889748279 9189.5437323576570634 908.06395763323473602 -7830.5702970856691536 3068.2641352535702026 5670.3701194653340281 10507
505000000 309.0326513032046023 9210.7551601945942821 1064.64464150124968 -7803.4654623485093907 3108.5304976722686661 5759.5796061774908594 10520
506000000 306.99597112440523006 9150.051663695330717 971.995944236049354 -7781.5768747583833829 3069.4428625274595106 5684.1299564669743631 10521
507000000 313.26695938857380952 9336.9592194831475354 991.0203670949501884 -7750.6824301036103861 3080.6135002186920246 5661.0892969798687773 10519
508000000 310.86576528379805495 9265.3913417915027821 938.20178004187096121 -7823.1428421056180014 3085.8379657302066335 5675.5066564172821018 10498
509000000 313.85298334617630189 9354.4257336806676904 1032.7696206633929705 -7838.762147064682722 3165.6034981870993761 5705.9282695409765438 10509
510000000 308.8071392157273749 9204.0337454358050309 895.12280993188130651 -7945.6861911159812735 3150.7510815976074809 5690.0579194502561222 10506
511000000 313.2667036802184839 9336.9515980650103302 991.68669895898131017 -7841.9923435604378028 3128.0476648433759692 5705.6313776760434848 10513
512000000 310.60367199112715753 9257.5796198335137888 988.90365773624228041 -7864.1189077842882398 3107.6036262125844587 5745.4189393079468573 10517
513000000 312.29108234370943364 9307.8730873582899221 1224.5571779091851568 -7812.2818388635578231 3216.7500687098454364 5820.0889480628984529 10514
514000000 309.1835032446756486 9215.251320365601714 948.02942454333879141 -7794.9104698686387565 3090.8882934947650938 5652.0516009172115446 10516
515000000 311.27757799235337188 9277.6654688598373468 930.40597063403151878 -7880.9086337535300117 3142.6059098169316712 5668.7086945706314509 10515
516000000 307.66164536225198844 9169.8921640288699564 1023.7358924382056102 -7792.1559745080739958 3108.9186519396293988 5706.9732150066502072 10512
517000000 308.23766703690949953 9187.0605589860424516 1121.4074322127974028 -7673.1998180093287374 3063.4772414180656597 5731.1300088040597984 10519
518000000 309.04862515309753235 9211.2312627025639813 1046.3221658559873504 -7835.3648456980763513 3075.5954475544326669 5806.0915639996310347 10514
519000000 313.82587947334263845 9353.6178995067984943 1100.9894183847045497 -7699.8522732951551006 3089.8059538330744545 5711.0357378467851959 10504
520000000 309.12187232604020437 9213.4144034590699448 933.52776774604581078 -7847.8183171702221443 3072.7338307799418544 5708.6122541363265555 10523
521000000 315.81745811445290428 9412.9771392770380771 1167.9475799333242776 -7753.9751679712053374 3126.3930526803992507 5795.5296952241296822 10507
522000000 307.13698855236833651 9154.2547050141401996 1105.3091049463689615 -7749.1099746008731017 3103.2431379597446721 5751.175941587498528 10518
523000000 312.61312715083266767 9317.4716713801244623 1086.1497560105322009 -7703.1342399566983659 3126.7449010461377839 5662.5390949210932376 10522
524000000 310.7871770641785929 9263.0490104995260481 1010.6441445022196604 -7784.9509260566355806 3094.535183802838219 5701.0598867560165672 10523
525000000 307.74295690719395679 9172.3156643580405216 931.3992618335825 -7767.8367571206836146 3115.4272174877164616 5583.8088014665499941 10501
526000000 305.93767673284969533 9118.5090726878152054 879.73242664345548292 -7844.9245360197064656 3082.1432799265112408 5642.5136827366504804 10520
527000000 310.20540906085489041 9245.7093455286794779 735.83721462065807373 -8043.5327549327084853 3169.2580846633554756 5610.1118848900114244 10520
528000000 312.1336839748344687 9303.1818101349690551 896.22307149801008563 -7883.7441522231720228 3110.0261093628523668 5669.9411143583301964 10509
529000000 311.13149725076203822 9273.3115148723118182 925.99641917129633839 -7764.8536161345364235 3089.2835929118082277 5601.5664423940233974 10524
530000000 309.78859859205050498 9233.2862596179402317 926.7438093047021539 -7881.4696518928794831 3069.2342525689955437 5738.9792086285860933 10523
531000000 304.73442200316759454 9082.6459214521419199 1053.6484256450785324 -7929.7153392535965395 3106.2755408442340013 5877.0882240544406159 10529
532000000 310.21305066256167038 9245.9371043821720377 835.39306824000902907 -7929.5538158901399584 3079.000950638289396 5685.9459334918601598 10523
533000000 308.16024919361336742 9184.7531109004630707 1016.9214821603641212 -7815.1788068132100307 3059.1356390379878576 5772.9646499355858396 10520
534000000 307.91748158569896532 9177.5173932897323539 807.31395533670331588 -7888.9123341033737233 3069.9977299386182494 5626.2285595014582213 10511
535000000 317.07302914529645932 9450.3995841305641079 938.82775301044864591 -7838.1502321034695342 3045.0255855396317202 5731.9523995742874831 10506
536000000 313.49220115234714967 9343.6725772115878499 841.72293277563471747 -7909.2921855904642143 3086.5121778506372721 5664.5029405154618871 10518
537000000 312.5722599184262549 9316.2536186268553138 1001.9302853139383842 -7900.5297543923552439 3191.6405452179960776 5710.8194944882980053 10515
538000000 309.28137024549516809 9218.1682580387223425 1122.5855146554479234 -7660.214133988217327 3097.4336441630948684 5685.3660044805701546 10510
539000000 314.28176115456773232 9367.2055075801690691 1012.2797767445619002 -7790.2261415645207308 3083.4411027875798936 5719.0648155215030783 10511
540000000 310.66617245282270687 9259.4424535750276846 1011.346185514660192 -7863.8063844228800008 3154.4731789404277151 5720.6793909971120229 10506
541000000 305.92130947831867616 9118.0212447075227828 931.16527224974095134 -7881.3360577564744744 3100.1731234696580941 5712.3282065365565359 10507
542000000 311.45304484808866619 9282.8952794966462534 1026.732331409004928 -7789.724741042831738 3102.7108366219763411 5713.7462358298598701 10515
543000000 308.40128760769647442 9191.9372896820859751 874.38050754383175445 -7891.8681948816274598 3100.9367980188571892 5665.3119044066024799 10522
544000000 308.8511720796036002 9205.3461502139289223 920.16375863895473231 -7842.4561085408413419 3063.9339026984953307 5698.6859644813011982 10503
545000000 311.99745302097414879 9299.1214302496864548 1035.0807812978509901 -7777.7935815707924121 3058.7923021815263382 5754.0820606871175187 10515
546000000 308.42415466622685472 9192.6188450985409872 969.87917354222031463 -7826.5499068575027195 3042.9178720984582469 5753.5112083012663788 10512
547000000 309.17770449149185197 9215.0784878329050116 928.93679855905497789 -7894.3845824090440146 3114.3769786056582234 5708.944402362440087 10515
548000000 310.57745761726800993 9256.7982972830450308 992.84849672654308961 -7774.0759461561574426 3075.7921044797622017 5691.1323384029383305 10528
549000000 307.33078661498569772 9160.0308794661305001 980.97975791063515771 -7735.3359632228284681 3034.4089171985151552 5681.9068039349485844 10519
550000000 311.43034354288857912 9282.2186643780405575 1154.7870503949259273 -7636.5567520428094213 3109.0351806577382376 5682.3086217799973383 10518
551000000 316.22783401166236672 9425.2084420112369116 758.47988620900855494 -7948.5286041993567778 3056.1367396194173125 5650.8717507889477929 10523
552000000 309.13681615031305228 9213.8598059301475587 983.21437371212300604 -7798.8862664397547633 3033.0666638086099738 5749.0339763432675682 10516
553000000 312.7440718798314947 9321.374494700703508 944.68176724880845541 -7737.7501370076406602 3038.3198698742153283 5644.1120343822349241 10498
554000000 310.54415187337923498 9255.805615600078454 890.80251498596351212 -7823.2155351412966411 3081.0557048190294154 5632.9623453082303968 10518
555000000 306.75546487533091522 9142.8833461554895621 1069.9872787334707027 -7714.5886045861752791 3025.0579780594243857 5759.5179052602215961 10522
556000000 308.97419725787187872 9209.0129303770918341 886.62184021631833275 -7850.6762012637245789 3062.5039418092342203 5674.794099670808464 10511
557000000 310.19413906694080652 9245.3734420111650252 989.74431798530849846 -7815.5311026558847516 3057.9734663381555038 5747.3019543030377463 10504
558000000 310.91320878679840689 9266.8054010769392335 1062.2354042846100128 -7744.4027038527328841 3078.2042287554354516 5728.4338793819079001 10501
559000000 312.48354506939307385 9313.6094619331452122 1019.8073654621919104 -7840.8780459579502349 3121.9866774972970234 5738.6987339228453493 10508
560000000 310.14966160664590689 9244.0477859835700656 1126.751057785372268 -7724.1159456346549632 3140.253355875779107 5710.6136475442481242 10521
561000000 304.06129530851723075 9062.5832997515881289 1015.2497592241060147 -7802.4314005962860392 3044.9091381913995065 5772.7720216289926611 10513
562000000 307.77526600865189721 9173.2786409940690646 1082.1592232479683844 -7886.8548555049710558 3105.9046576702398852 5863.109421082699555 10510
563000000 309.2268704657239482 9216.54388557956554 1022.6105577206066073 -7850.7150020899944138 3124.5881537720597407 5748.7374060385418488 10514
564000000 310.1595591510975396 9244.3427834805879684 989.18771366133887568 -7852.5258619880423794 3093.5882902790381195 5748.1252853703444998 10510
565000000 309.71712262180113839 9231.1559097697027028 909.05838800771334718 -7980.9222465288785315 3108.3754635079912987 5781.6051710286010348 10515
566000000 309.02602347241855796 9210.5576169047326403 1059.2556674234795082 -7893.7742087604347034 3109.8376920888226778 5843.1921840950917613 10503
567000000 311.4029391135400715 9281.4018720812728134 1091.4044060006447125 -7656.9125749551558329 3062.516125458307215 5685.8008554974940125 10505
568000000 309.45756405725791183 9223.4197356869408395 1115.9579244862256928 -7739.98106951716818 3172.1331094091083287 5683.8058845942850894 10526
569000000 313.87921468536723069 9355.2075618848812155 924.94177560093646662 -7857.3623390368529726 3071.2492870474534357 5711.0548275903356625 10516
570000000 308.83642472662597811 9204.9066035933192325 999.11610670092795772 -7727.2434738416486653 3060.8849220529400554 5665.4746584896365675 10522
571000000 309.07114902539785817 9211.9025894123551552 781.57144893806776054 -7896.405577289606299 3054.7314318006519898 5623.2455944270222972 10511
572000000 311.42548229803924187 9282.0737743934641912 899.97852338190011778 -7894.8094204898588941 3079.5322876330828876 5715.255656238676238 10508
573000000 307.77857074968363804 9173.377139196063581 951.0155909333936961 -7780.3464166541380109 3070.2088119423342505 5661.1531956451981387 10509
574000000 311.43769115118089985 9282.4376607226276974 946.30454329446615702 -7847.5746398418405079 3103.9939442326285644 5689.8852389036774184 10512
575000000 308.83632937580881617 9204.9037616508012434 886.36356192881612515 -7875.1273631277545064 3013.6229905667751154 5747.8679344897955161 10505
576000000 306.20315648508073991 9126.4217284783208015 805.71488871785118135 -7918.5545070839107211 3050.8779681641467505 5673.3914276376162888 10513
577000000 315.09264075216168521 9391.3738710405959864 903.76101003027656589 -7814.8726486029454463 3026.5334669393041622 5692.1001916939185321 10516
578000000 310.23555303662772076 9246.60779033451945 883.78682320291648011 -7803.5361414425624389 3096.0959141762746185 5591.2270504692041868 10516
579000000 305.57855954682952415 9107.8055419757656637 887.32496917008768378 -7812.1450826818891073 3017.4397038546685508 5682.0303479973081267 10517
580000000 309.27697027114265893 9218.0371162765131885 1033.4700884519088504 -7770.3584136878871504 3089.5588926504269693 5714.2696094893690315 10513
581000000 313.61956341063324771 9347.4686245637858519 993.69484968801134528 -7853.7719378975216387 3111.9834427569494437 5735.4833448285844497 10516
582000000 306.42697196099555867 9133.0925755264252075 1023.2713764000915262 -7758.8275053665620362 3171.1722870901185161 5610.9265946765353874 10515
583000000 308.17956359253270193 9185.3287788719935634 1044.2070294134189226 -7841.929388840260799 3179.0397489090028103 5707.0966693446771387 10518
584000000 313.01820804558286682 9329.5451559322664252 848.2145679516902419 -7901.7530603933737439 3127.4434270575943629 5622.5242012874696229 10516
585000000 309.93344148009663286 9237.6033192323939147 845.41001529840059447 -7849.2959422146514044 3085.60681621087042 5609.0991413021820335 10515
586000000 311.13844868171827329 9273.5187031039786234 870.99513885021485748 -7864.0792899336211121 3090.6677459253414781 5644.4066828584946052 10509
587000000 308.73836716951086601 9201.9839863670003979 947.74017945803313978 -7754.8281411793523148 3038.9814765332830575 5663.586844104102056 10513
588000000 308.65923190280005883 9199.6253502709878376 967.49058533909101243 -7902.6709179603722077 3125.0168031270691245 5745.1447001723945505 10510
589000000 313.33430904227259362 9338.9665839727167622 833.74432941067516367 -7929.6426586329580459 3100.1172247806362066 5663.269763262997003 10511
590000000 307.74772950035674057 9172.4579120684884401 1015.4981833351395153 -7854.4933244584080967 3109.8802193721148797 5760.1112884214335281 10509
591000000 304.79503984010449358 9084.4526433373921463 1136.2125298247156024 -7696.710324143010439 3069.6402012881180781 5763.2826526796070539 10514
592000000 308.7942404071512783 9203.649294902337715 1093.0449025814575634 -7683.3854067003703676 3062.2186912684428535 5714.2116180133853049 10518
593000000 312.75729110975976255 9321.7684954309243039 1104.4093816227873504 -7699.7780721663684744 3109.876390731603351 5694.311063057552019 10515
594000000 310.75332876514551117 9262.0401578955425066 1046.869050305958126 -7849.6910009170005651 3164.9419696656032102 5731.6180815573552536 10510
595000000 308.57960277192347576 9197.2519944944051531 926.31761753277191929 -7797.3564470709679881 3077.0842743930452343 5646.5897902106935362 10503
596000000 306.94633357800893236 9148.5722106838748005 761.40816921401426498 -7948.8506421763941034 3047.3527951688147368 5662.9060162215937453 10499
597000000 304.80798296620417887 9084.8384147599554126 839.25371389942108635 -7826.0379784509987076 3072.2936572221519782 5592.9980351282674746 10537
598000000 311.15369000940830801 9273.9729727000139974 816.35162853089491364 -7876.687209999060542 3043.4730727124992882 5649.5657658174550306 10515
599000000 311.69635085009156228 9290.1470440076263912 825.85140565665574286 -7897.4846138685861661 3118.6045765969238346 5604.731442928317847 10515
600000000 311.48179934903953381 9283.7523108391123969 957.72493527936171631 -7815.68141338517853 3083.5982702388696453 5689.8080784256699189 10516
